id,description,price,address,URL,lat,lng,agency,bus_stop_code,dist
187925,"kerrostalo, 47, 5 m2 | 2h + avok + kph + lasitettu p",990.0,"Helsinki, Kalasatama, Parrulaituri 16 C",http://www.vuokraovi.com//vuokra-asunto/helsinki/kalasatama/kerrostalo/kaksio/187925,60.18371500000001,24.9757756,Vuokraturva Oy LKV [A],None,None
187924,"kerrostalo, 43 m2 | 1h + avok + kph + vh + lasitet",938.0,"Espoo, Leppavaara, Leppavaarankatu 12 as 29",http://www.vuokraovi.com//vuokra-asunto/espoo/leppavaara/kerrostalo/yksio/187924,60.2169587,24.8096488,Vuokraturva Oy LKV [A],None,None
187921,"kerrostalo, 86 m2 | 4H+K+S",1265.0,"Helsinki, Vuosaari, Kallvikintie 61",http://www.vuokraovi.com//vuokra-asunto/helsinki/vuosaari/kerrostalo/4h/187921,60.2090745,25.1363283,Lumo / VVO-kotikeskus PKS,None,None
187919,"kerrostalo, 15, 6 m2 | 1h, avokeittio, wc, sh",820.0,"Helsinki, Eerikinkatu 31 B",http://www.vuokraovi.com//vuokra-asunto/helsinki/kerrostalo/yksio/187919,60.1649331,24.9285567,Ylinkerros Oy Haaga,None,None
187917,"kerrostalo, 47, 5 m2 | 2h. k, kph, p",1300.0,"Helsinki, Punavuori, Laivurinkatu 8 C",http://www.vuokraovi.com//vuokra-asunto/helsinki/punavuori/kerrostalo/kaksio/187917,60.1601747,24.9418459,Kiinteistotoimisto Takio LKV [A],None,None
187629,"kerrostalo, 96, 5 m2 | 4h + k + s + ter",1950.0,"Helsinki, Lansi-Pasila, Palkkatilankatu 8 C 27",http://www.vuokraovi.com//vuokra-asunto/helsinki/lansi-pasila/kerrostalo/4h/187629,60.1961874,24.9234841,Aratto Oy,None,None
187910,"kerrostalo, 24, 6 m2 | 1h + avok + kph + wc",710.0,"Helsinki, Laakso, Mannerheimintie 104",http://www.vuokraovi.com//vuokra-asunto/helsinki/laakso/kerrostalo/yksio/187910,60.18965629999999,24.9163293,Vuokraturva Oy LKV [A],None,None
187911,"kerrostalo, 32 m2 | 1h + kk + kph + alkovi + ransk",820.0,"Helsinki, Toolo, Sibeliuksenkatu 4 A",http://www.vuokraovi.com//vuokra-asunto/helsinki/toolo/kerrostalo/yksio/187911,60.1828423,24.9238088,Vuokraturva Oy LKV [A],None,None
187905,"kerrostalo, 33, 5 m2 | 1h + avok + kph + alkovi",620.0,"Espoo, Suvela, Joupinmaenpolku 4 A",http://www.vuokraovi.com//vuokra-asunto/espoo/suvela/kerrostalo/yksio/187905,60.20430029999999,24.6738553,Vuokraturva Oy LKV [A],None,None
187885,"kerrostalo, 64 m2 | 2 h, k, kph",780.0,"Espoo, Kivenlahti, Puosunrinne 4 D",http://www.vuokraovi.com//vuokra-asunto/espoo/kivenlahti/kerrostalo/kaksio/187885,60.1494155,24.6463383,Kiinteistotoimisto Takio LKV [A],None,None
187886,"kerrostalo, 27 m2 | 1h, kk, kph",610.0,"Helsinki, Roihuvuori, Keijukaistenpolku 9 A",http://www.vuokraovi.com//vuokra-asunto/helsinki/roihuvuori/kerrostalo/yksio/187886,60.19720879999999,25.058521,Kiinteistotoimisto Takio LKV [A],None,None
187871,"kerrostalo, 54 m2 | 2h + k + kph + s + vh + lasite",850.0,"Helsinki, Pukinmaki, Myrttitie 3 B",http://www.vuokraovi.com//vuokra-asunto/helsinki/pukinmaki/kerrostalo/kaksio/187871,60.2446193,24.9962637,Vuokraturva Oy LKV [A],None,None
187873,"kerrostalo, 45, 5 m2 | 2h + kk + kph + lasitettu p",745.0,"Helsinki, Myllypuro, Tuulimyllyntie 1 B",http://www.vuokraovi.com//vuokra-asunto/helsinki/myllypuro/kerrostalo/kaksio/187873,60.2272869,25.0672306,Vuokraturva Oy LKV [A],None,None
187875,"kerrostalo, 35 m2 | 2h + k + kph",950.0,"Helsinki, Punavuori, Punavuorenkatu 5 A",http://www.vuokraovi.com//vuokra-asunto/helsinki/punavuori/kerrostalo/kaksio/187875,60.16154119999999,24.9386967,Vuokraturva Oy LKV [A],None,None
187870,"kerrostalo, 44, 5 m2 | 2h + avok + kph",1100.0,"Helsinki, Kaartinkaupunki, Kasarmikatu 38 D",http://www.vuokraovi.com//vuokra-asunto/helsinki/kaartinkaupunki/kerrostalo/kaksio/187870,60.1654516,24.9476448,Vuokraturva Oy LKV [A],None,None
187872,"kerrostalo, 12 m2 | 1h + avok + kph",545.0,"Helsinki, Kallio, Kolmas linja 1 C",http://www.vuokraovi.com//vuokra-asunto/helsinki/kallio/kerrostalo/yksio/187872,60.18116829999999,24.9527167,Vuokraturva Oy LKV [A],None,None
187854,"kerrostalo, 76, 5 m2 | Unfurnished 3r, sauna, balcony",1600.0,"Helsinki, Kruununhaka, Snellmaninkatu 19-21 B",http://www.vuokraovi.com//vuokra-asunto/helsinki/kruununhaka/kerrostalo/kolmio/187854,60.17274010000001,24.9533962,Celine Oy Ab LKV AFM,None,None
187852,"luhtitalo, 15 m2 | 3 hlon soluasunto, mielellaan kaveruksille",371.0,"Helsinki, Mellunmaki, Naulakalliontie 21",http://www.vuokraovi.com//vuokra-asunto/helsinki/mellunmaki/luhtitalo/kolmio/187852,60.2319336,25.1217085,Alkuasunnot Oy,None,None
187834,"kerrostalo, 80, 5 m2 | 3h + k + kph + wc + vh + p",1350.0,"Helsinki, Katajanokka, Matruusinkatu 1 A",http://www.vuokraovi.com//vuokra-asunto/helsinki/katajanokka/kerrostalo/kolmio/187834,60.1667409,24.9756047,Vuokraturva Oy LKV [A],None,None
187836,"kerrostalo, 29 m2 | 1h + avok + kph",720.0,"Helsinki, Alppiharju, Sturenkatu 5b B",http://www.vuokraovi.com//vuokra-asunto/helsinki/alppiharju/kerrostalo/yksio/187836,60.1873064,24.9441575,Vuokraturva Oy LKV [A],None,None
187833,"kerrostalo, 20, 5 m2 | 1h + kk + kph + wc + parvi",637.0,"Helsinki, Fleminginkatu 18 A",http://www.vuokraovi.com//vuokra-asunto/helsinki/kerrostalo/yksio/187833,60.1871748,24.9529816,Vuokraturva Oy LKV [A],None,None
187838,"kerrostalo, 69 m2 | 3h + k + kph + lasitettu p",850.0,"Helsinki, Yliskyla, Yliskylantie 6 D",http://www.vuokraovi.com//vuokra-asunto/helsinki/yliskyla/kerrostalo/kolmio/187838,60.18129369999999,25.0548658,Vuokraturva Oy LKV [A],None,None
187843,"kerrostalo, 44, 5 m2 | 2h + avok + kph + lasitettu p",790.0,"Helsinki, Oulunkyla, Kivalterintie 21 C",http://www.vuokraovi.com//vuokra-asunto/helsinki/oulunkyla/kerrostalo/kaksio/187843,60.2297228,24.9525969,Vuokraturva Oy LKV [A],None,None
187840,"kerrostalo, 39 m2 | 2h + avok + kph + p",790.0,"Helsinki, Herttoniemi, Johan Sederholmin tie 2 E",http://www.vuokraovi.com//vuokra-asunto/helsinki/herttoniemi/kerrostalo/kaksio/187840,60.1922975,25.0447458,Vuokraturva Oy LKV [A],None,None
187835,"kerrostalo, 41 m2 | 2h + avok + kph + p",867.0,"Helsinki, Tilkankatu 16 B",http://www.vuokraovi.com//vuokra-asunto/helsinki/kerrostalo/kaksio/187835,60.1990874,24.8974762,Vuokraturva Oy LKV [A],None,None
187839,"kerrostalo, 25 m2 | 1h + kk + kph",640.0,"Helsinki, Kallio, Harjukatu 4a A",http://www.vuokraovi.com//vuokra-asunto/helsinki/kallio/kerrostalo/yksio/187839,60.1881649,24.9578227,Vuokraturva Oy LKV [A],None,None
187842,"kerrostalo, 37, 5 m2 | 2h + avok + kph",920.0,"Helsinki, Punavuori, Merimiehenkatu 39 A",http://www.vuokraovi.com//vuokra-asunto/helsinki/punavuori/kerrostalo/kaksio/187842,60.15969819999999,24.9355737,Vuokraturva Oy LKV [A],None,None
187793,"kerrostalo, 49 m2 | 2h + kk + kph + wc + vh + p",790.0,"Helsinki, Pohjois-Haaga, Pastori Jussilaisen tie 6 A",http://www.vuokraovi.com//vuokra-asunto/helsinki/pohjois-haaga/kerrostalo/kaksio/187793,60.2266412,24.893678,Vuokraturva Oy LKV [A],None,None
187797,"kerrostalo, 33 m2 | 1h + kk + kph + lasitettu p",690.0,"Helsinki, Kallio, Castreninkatu 9-11 B",http://www.vuokraovi.com//vuokra-asunto/helsinki/kallio/kerrostalo/yksio/187797,60.1850335,24.9469107,Vuokraturva Oy LKV [A],None,None
187791,"kerrostalo, 27 m2 | 1h + kk + kph",670.0,"Helsinki, Pohjois-Haaga, Ida Aalbergin tie 3b B",http://www.vuokraovi.com//vuokra-asunto/helsinki/pohjois-haaga/kerrostalo/yksio/187791,60.23016819999999,24.8995442,Vuokraturva Oy LKV [A],None,None
187799,"rivitalo, 50 m2 | 2h + avok + kph + p + terassi",1090.0,"Helsinki, Kulosaari, Vahaniityntie 12",http://www.vuokraovi.com//vuokra-asunto/helsinki/kulosaari/rivitalo/kaksio/187799,60.1856511,25.01692,Vuokraturva Oy LKV [A],None,None
187789,"kerrostalo, 65, 5 m2 | 3h + k + kph + vh + lasitettu",890.0,"Helsinki, Pihlajamaki, Vuolukiventie 11 J",http://www.vuokraovi.com//vuokra-asunto/helsinki/pihlajamaki/kerrostalo/kolmio/187789,60.2347188,25.0023946,Vuokraturva Oy LKV [A],None,None
187795,"kerrostalo, 29, 2 m2 | 1h + kk + kph + parvi",780.0,"Helsinki, Sornainen, Vaasanpolku 3 A",http://www.vuokraovi.com//vuokra-asunto/helsinki/sornainen/kerrostalo/yksio/187795,60.18815069999999,24.9609557,Vuokraturva Oy LKV [A],None,None
187801,"kerrostalo, 31, 5 m2 | 1h + k + kph + p",660.0,"Espoo, Haukilahti, Salakkatie 8-12 A",http://www.vuokraovi.com//vuokra-asunto/espoo/haukilahti/kerrostalo/yksio/187801,60.16322479999999,24.7812336,Vuokraturva Oy LKV [A],None,None
187800,"kerrostalo, 30, 5 m2 | 1h + kk + kph + terassi",650.0,"Helsinki, Malmi, Tyynelankuja 5 C",http://www.vuokraovi.com//vuokra-asunto/helsinki/malmi/kerrostalo/yksio/187800,60.2525191,24.9949364,Vuokraturva Oy LKV [A],None,None
187785,"kerrostalo, 35, 5 m2 | 1H+K",912.0,"Helsinki, Toolo, Mechelininkatu 6",http://www.vuokraovi.com//vuokra-asunto/helsinki/toolo/kerrostalo/yksio/187785,60.1710132,24.9201004,Lumo / VVO-kotikeskus PKS,None,None
187784,"kerrostalo, 50, 5 m2 | 2H+KK+S",983.0,"Helsinki, Sornainen, Hameentie 17 B",http://www.vuokraovi.com//vuokra-asunto/helsinki/sornainen/kerrostalo/kaksio/187784,60.1852414,24.9611632,Lumo / VVO-kotikeskus PKS,None,None
187783,"kerrostalo, 41, 5 m2 | 1H+KK",896.0,"Helsinki, Sornainen, Hameentie 48",http://www.vuokraovi.com//vuokra-asunto/helsinki/sornainen/kerrostalo/yksio/187783,60.18669320000001,24.9610531,Lumo / VVO-kotikeskus PKS,None,None
187779,"kerrostalo, 35 m2 | 1h, kk, kh, alkovi",820.0,"Helsinki, Hakaniemi, Hakaniemenranta 26",http://www.vuokraovi.com//vuokra-asunto/helsinki/hakaniemi/kerrostalo/yksio/187779,60.17332440000001,24.9410248,Paakaupunkiseutu Yksityisomistajien vuokra-asunnot,None,None
187778,"kerrostalo, 15 m2 | 1h + kk + kph + alkovi",625.0,"Helsinki, Kamppi, Eerikinkatu 23 C",http://www.vuokraovi.com//vuokra-asunto/helsinki/kamppi/kerrostalo/yksio/187778,60.16560459999999,24.9304098,Vuokraturva Oy LKV [A],None,None
187752,"kerrostalo, 40, 5 m2 | 2h + avok + kph + s + lasitett",995.0,"Helsinki, Sornainen, Lintulahdenaukio 10 A",http://www.vuokraovi.com//vuokra-asunto/helsinki/sornainen/kerrostalo/kaksio/187752,60.18483969999999,24.9630025,Vuokraturva Oy LKV [A],None,None
187747,"kerrostalo, 53 m2 | 2h + avok + kph + s + lasitett",900.0,"Helsinki, Pukinmaki, Johan Bockin kuja 10 E",http://www.vuokraovi.com//vuokra-asunto/helsinki/pukinmaki/kerrostalo/kaksio/187747,60.23985140000001,24.9828698,Vuokraturva Oy LKV [A],None,None
187742,"kerrostalo, 44, 5 m2 | 2h + avok + kph + lasitettu p",895.0,"Helsinki, Herttoniemenranta, Niittaajankatu 4 C",http://www.vuokraovi.com//vuokra-asunto/helsinki/herttoniemenranta/kerrostalo/kaksio/187742,60.1913827,25.0277084,Vuokraturva Oy LKV [A],None,None
187741,"kerrostalo, 48 m2 | 2h + avok + kph + s + lasitett",850.0,"Espoo, Leppavaara, Leppavaarankatu 7 A",http://www.vuokraovi.com//vuokra-asunto/espoo/leppavaara/kerrostalo/kaksio/187741,60.2171101,24.8102652,Vuokraturva Oy LKV [A],None,None
187740,"kerrostalo, 39, 5 m2 | 2h + kk + kph + vh",870.0,"Helsinki, Munkkivuori, Porintie 2 H",http://www.vuokraovi.com//vuokra-asunto/helsinki/munkkivuori/kerrostalo/kaksio/187740,60.20447389999999,24.8704759,Vuokraturva Oy LKV [A],None,None
187737,"kerrostalo, 30 m2 | 1h + kk + kph",655.0,"Helsinki, Mellunmaki, Saanatunturintie 3 G",http://www.vuokraovi.com//vuokra-asunto/helsinki/mellunmaki/kerrostalo/yksio/187737,60.23497289999999,25.1256588,Vuokraturva Oy LKV [A],None,None
187738,"kerrostalo, 52, 5 m2 | 2h + kk + kph + vh + lasitettu",820.0,"Helsinki, Munkkivuori, Ulvilantie 7 B",http://www.vuokraovi.com//vuokra-asunto/helsinki/munkkivuori/kerrostalo/kaksio/187738,60.20422619999999,24.8770568,Vuokraturva Oy LKV [A],None,None
187736,"kerrostalo, 30, 9 m2 | 1h + kk",720.0,"Helsinki, Kallio, Hameentie 28",http://www.vuokraovi.com//vuokra-asunto/helsinki/kallio/kerrostalo/yksio/187736,60.18314059999999,24.9579728,Agency info missing,None,None
187704,"kerrostalo, 95 m2 | 4H+K+S",1586.0,"Helsinki, Kannelmaki, Pasuunatie 2b",http://www.vuokraovi.com//vuokra-asunto/helsinki/kannelmaki/kerrostalo/4h/187704,60.2408732,24.8720145,Lumo / VVO-kotikeskus PKS,None,None
187705,"kerrostalo, 66, 5 m2 | 2H+TPK+S",1231.0,"Helsinki, Kannelmaki, Pasuunatie 2b",http://www.vuokraovi.com//vuokra-asunto/helsinki/kannelmaki/kerrostalo/kaksio/187705,60.2408732,24.8720145,Lumo / VVO-kotikeskus PKS,None,None
187704,"kerrostalo, 95 m2 | 4H+K+S",1586.0,"Helsinki, Kannelmaki, Pasuunatie 2b",http://www.vuokraovi.com//vuokra-asunto/helsinki/kannelmaki/kerrostalo/4h/187704,60.2408732,24.8720145,Lumo / VVO-kotikeskus PKS,None,None
187705,"kerrostalo, 66, 5 m2 | 2H+TPK+S",1231.0,"Helsinki, Kannelmaki, Pasuunatie 2b",http://www.vuokraovi.com//vuokra-asunto/helsinki/kannelmaki/kerrostalo/kaksio/187705,60.2408732,24.8720145,Lumo / VVO-kotikeskus PKS,None,None
187691,"kerrostalo, 55 m2 | 2h+k",965.0,"Helsinki, Mellunmaki, Korvatunturinpolku 5",http://www.vuokraovi.com//vuokra-asunto/helsinki/mellunmaki/kerrostalo/kaksio/187691,60.2384412,25.1170489,Agency info missing,None,None
187694,"kerrostalo, 55, 5 m2 | 2h+k",950.0,"Helsinki, Kannelmaki, Kaustisenpolku 1",http://www.vuokraovi.com//vuokra-asunto/helsinki/kannelmaki/kerrostalo/kaksio/187694,60.23865609999999,24.881704,SATO Vuokraus ja myynti / Helsinki,None,None
187695,"kerrostalo, 44, 5 m2 | 2h+kk+s",795.0,"Espoo, Kilo, Kilonkallionkuja 5",http://www.vuokraovi.com//vuokra-asunto/espoo/kilo/kerrostalo/kaksio/187695,60.22121179999999,24.7811638,Agency info missing,None,None
187692,"kerrostalo, 74 m2 | 3h+k",1300.0,"Helsinki, Lansi-Pasila, Maistraatinkatu 7",http://www.vuokraovi.com//vuokra-asunto/helsinki/lansi-pasila/kerrostalo/kolmio/187692,60.2000247,24.9218341,SATO Vuokraus ja myynti / Helsinki,None,None
187651,"kerrostalo, 52 m2 | 2h+k+s",960.0,"Espoo, Ymmersta, Ullantorppa 10 B",http://www.vuokraovi.com//vuokra-asunto/espoo/ymmersta/kerrostalo/kaksio/187651,60.20410459999999,24.705429,Lansivalitys Oy LKV,None,None
187642,"kerrostalo, 69 m2 | 2h, halli, keittio, kph, erill",1150.0,"Helsinki, Taka-Toolo, Mannerheimintie 64 A",http://www.vuokraovi.com//vuokra-asunto/helsinki/taka-toolo/kerrostalo/kaksio/187642,60.1826833,24.9257544,Habita Toolo / Etela-Helsingin Habita Oy,None,None
187641,"kerrostalo, 52 m2 | 2 h, kk, s, parveke",836.0,"Espoo, Eestinlaakso, Eestintaival 3 D",http://www.vuokraovi.com//vuokra-asunto/espoo/eestinlaakso/kerrostalo/kaksio/187641,60.16971539999999,24.6751341,Suomen Laatuasunnot Oy,None,None
187626,"kerrostalo, 75, 5 m2 | FURNISHED 3r, kitchen, 2 glassed-in balconies",1600.0,"Helsinki, Ullanlinna, Tehtaankatu 10 B",http://www.vuokraovi.com//vuokra-asunto/helsinki/ullanlinna/kerrostalo/kolmio/187626,60.1585867,24.9506413,Celine Oy Ab LKV AFM,None,None
187603,"kerrostalo, 75, 5 m2 | 3h+k+las.parveke",1318.25,"Helsinki, Pikku Huopalahti, Tilkankuja 6 B 12",http://www.vuokraovi.com//vuokra-asunto/helsinki/pikku+huopalahti/kerrostalo/kolmio/187603,60.197781,24.8962786,Keva,None,None
187597,"kerrostalo, 32 m2 | Unfurnished/ FURNISHED 1 room, kitchen",950.0,"Helsinki, Kaartinkaupunki, Kasarmikatu 28 C",http://www.vuokraovi.com//vuokra-asunto/helsinki/kaartinkaupunki/kerrostalo/yksio/187597,60.16403649999999,24.9477951,Celine Oy Ab LKV AFM,None,None
187595,"kerrostalo, 57 m2 | 2h, k, kph, p",835.0,"Helsinki, Roihuvuori, Keijukaistenpolku 5 C",http://www.vuokraovi.com//vuokra-asunto/helsinki/roihuvuori/kerrostalo/kaksio/187595,60.1962076,25.0596712,Habita Itakeskus / Helsingin Habita Oy,None,None
187579,"kerrostalo, 70 m2 | 3h + avok + kph + lasitettu p",1590.0,"Helsinki, Ullanlinna, Kapteeninkatu 7 A",http://www.vuokraovi.com//vuokra-asunto/helsinki/ullanlinna/kerrostalo/kolmio/187579,60.1572743,24.945507,Vuokraturva Oy LKV [A],None,None
187578,"kerrostalo, 38 m2 | 2h + kk + kph + p",780.0,"Helsinki, Lauttasaari, Lauttasaarentie 5 B",http://www.vuokraovi.com//vuokra-asunto/helsinki/lauttasaari/kerrostalo/kaksio/187578,60.1612182,24.8900857,Vuokraturva Oy LKV [A],None,None
187554,"kerrostalo, 36 m2 | 1h + kk + kph",745.0,"Espoo, Leppavaara, Harakantie 20 B",http://www.vuokraovi.com//vuokra-asunto/espoo/leppavaara/kerrostalo/yksio/187554,60.2211762,24.8148,Vuokraturva Oy LKV [A],None,None
187553,"kerrostalo, 24, 5 m2 | 1h + kk + wc",690.0,"Helsinki, Kallio, Pengerkatu 13a A",http://www.vuokraovi.com//vuokra-asunto/helsinki/kallio/kerrostalo/yksio/187553,60.18449769999999,24.9582154,Vuokraturva Oy LKV [A],None,None
187555,"kerrostalo, 29 m2 | 1h + avok + kph + p",750.0,"Helsinki, Munkkiniemi, Huopalahdentie 7 A",http://www.vuokraovi.com//vuokra-asunto/helsinki/munkkiniemi/kerrostalo/yksio/187555,60.1985462,24.8844154,Vuokraturva Oy LKV [A],None,None
187552,"paritalo, 133 m2 | 5h + avok + kph + 2 erillista",1795.0,"Espoo, Mankkaa, Porttiniityntie 9 C",http://www.vuokraovi.com//vuokra-asunto/espoo/mankkaa/paritalo/5h+/187552,60.1976041,24.7683036,Vuokraturva Oy LKV [A],None,None
187536,"omakotitalo, 110 m2 | 4h + avok + kph + 2 erillista",1590.0,"Espoo, Makkyla, Vahtirinne 9 B",http://www.vuokraovi.com//vuokra-asunto/espoo/makkyla/omakotitalo/4h/187536,60.22214649999999,24.8411573,Vuokraturva Oy LKV [A],None,None
187532,"kerrostalo, 66 m2 | 2h + k + kph",1300.0,"Helsinki, Toolo, Savilankatu 2 D",http://www.vuokraovi.com//vuokra-asunto/helsinki/toolo/kerrostalo/kaksio/187532,60.1872692,24.9208296,Vuokraturva Oy LKV [A],None,None
187535,"kerrostalo, 45 m2 | 2h + k + kph + p",830.0,"Espoo, Tapiola, Nallenpolku 2 C",http://www.vuokraovi.com//vuokra-asunto/espoo/tapiola/kerrostalo/kaksio/187535,60.1783331,24.819567,Vuokraturva Oy LKV [A],None,None
187533,"kerrostalo, 27 m2 | 1h + kk + kph",625.0,"Espoo, Lahderanta, Lahderanta 20 D",http://www.vuokraovi.com//vuokra-asunto/espoo/lahderanta/kerrostalo/yksio/187533,60.2429424,24.7412056,Vuokraturva Oy LKV [A],None,None
187534,"kerrostalo, 49 m2 | 2h + k + kph + vh + ranskalain",890.0,"Helsinki, Munkkivuori, Ulvilantie 19 a B",http://www.vuokraovi.com//vuokra-asunto/helsinki/munkkivuori/kerrostalo/kaksio/187534,60.208015,24.864353,Vuokraturva Oy LKV [A],None,None
187504,"kerrostalo, 56 m2 | 2h, kk, s, terassi",992.0,"Espoo, Suurpelto, Piilipuuntie 21",http://www.vuokraovi.com//vuokra-asunto/espoo/suurpelto/kerrostalo/kaksio/187504,60.1882945,24.7389331,Paakaupunkiseutu Suuromistajien vuokra-asunnot,None,None
187527,"kerrostalo, 66 m2 | 3h, kk, s, lasitettu parveke",1079.0,"Espoo, Suurpelto, Piilipuuntie 21",http://www.vuokraovi.com//vuokra-asunto/espoo/suurpelto/kerrostalo/kolmio/187527,60.1882945,24.7389331,Paakaupunkiseutu Suuromistajien vuokra-asunnot,None,None
187513,"kerrostalo, 100, 5 m2 | 4h, k, s, lasitettu parveke",1490.0,"Espoo, Suurpelto, Piilipuuntie 21",http://www.vuokraovi.com//vuokra-asunto/espoo/suurpelto/kerrostalo/4h/187513,60.1882945,24.7389331,Paakaupunkiseutu Suuromistajien vuokra-asunnot,None,None
187516,"kerrostalo, 68 m2 | 3h, kk, vh, s, lasitettu parveke",1130.0,"Espoo, Suurpelto, Piilipuuntie 21",http://www.vuokraovi.com//vuokra-asunto/espoo/suurpelto/kerrostalo/kolmio/187516,60.1882945,24.7389331,Paakaupunkiseutu Suuromistajien vuokra-asunnot,None,None
187523,"kerrostalo, 55, 5 m2 | 2h, kk, s, lasitettu parveke",992.0,"Espoo, Suurpelto, Piilipuuntie 21",http://www.vuokraovi.com//vuokra-asunto/espoo/suurpelto/kerrostalo/kaksio/187523,60.1882945,24.7389331,Paakaupunkiseutu Suuromistajien vuokra-asunnot,None,None
187518,"kerrostalo, 48, 5 m2 | 2h, kk, s, lasitettu parveke",865.0,"Espoo, Suurpelto, Piilipuuntie 21",http://www.vuokraovi.com//vuokra-asunto/espoo/suurpelto/kerrostalo/kaksio/187518,60.1882945,24.7389331,Paakaupunkiseutu Suuromistajien vuokra-asunnot,None,None
187518,"kerrostalo, 48, 5 m2 | 2h, kk, s, lasitettu parveke",865.0,"Espoo, Suurpelto, Piilipuuntie 21",http://www.vuokraovi.com//vuokra-asunto/espoo/suurpelto/kerrostalo/kaksio/187518,60.1882945,24.7389331,Paakaupunkiseutu Suuromistajien vuokra-asunnot,None,None
187496,"kerrostalo, 53 m2 | 2h + avok + kph + s",1240.0,"Helsinki, Ullanlinna, Jaakarinkatu 4 A",http://www.vuokraovi.com//vuokra-asunto/helsinki/ullanlinna/kerrostalo/kaksio/187496,60.1600771,24.9452642,Vuokraturva Oy LKV [A],None,None
187492,"kerrostalo, 47, 5 m2 | 2 h + kt + s + parveke",950.0,"Espoo, Matinkyla, Matinniitynkuja 3 A",http://www.vuokraovi.com//vuokra-asunto/espoo/matinkyla/kerrostalo/kaksio/187492,60.1598838,24.7443331,Agency info missing,None,None
187488,"kerrostalo, 25 m2 | 1 h+kk+kh",750.0,"Helsinki, Punavuori, Kankurinkatu 7",http://www.vuokraovi.com//vuokra-asunto/helsinki/punavuori/kerrostalo/yksio/187488,60.1596518,24.9367977,Paakaupunkiseutu Yksityisomistajien vuokra-asunnot,None,None
187486,"kerrostalo, 55 m2 | 2h, k, kph, lasitettu parveke",790.0,"Helsinki, Mellunmaki, Uotinmaentie 9 E",http://www.vuokraovi.com//vuokra-asunto/helsinki/mellunmaki/kerrostalo/kaksio/187486,60.2364639,25.1154772,Habita Itakeskus / Helsingin Habita Oy,None,None
187487,"kerrostalo, 57, 5 m2 | 2h, k",1350.0,"Helsinki, Ullanlinna, Korkeavuorenkatu 3 A 11",http://www.vuokraovi.com//vuokra-asunto/helsinki/ullanlinna/kerrostalo/kaksio/187487,60.1600067,24.9467645,Habita Etela-Helsinki / Etela-Helsingin Habita Oy,None,None
187479,"kerrostalo, 41, 5 m2 | 2h + kk + kph",1300.0,"Helsinki, Ullanlinna, Kasarmikatu 4 C",http://www.vuokraovi.com//vuokra-asunto/helsinki/ullanlinna/kerrostalo/kaksio/187479,60.1601233,24.9482894,Vuokraturva Oy LKV [A],None,None
187481,"kerrostalo, 50 m2 | 2h + k + kph + lasitettu p",830.0,"Espoo, Niittykumpu, Niittykatu 3 D",http://www.vuokraovi.com//vuokra-asunto/espoo/niittykumpu/kerrostalo/kaksio/187481,60.1689623,24.7607611,Vuokraturva Oy LKV [A],None,None
187478,"kerrostalo, 32 m2 | 1h + avok + kph",950.0,"Helsinki, Toolo, Paivarinnankatu 5b A",http://www.vuokraovi.com//vuokra-asunto/helsinki/toolo/kerrostalo/yksio/187478,60.1884505,24.9158352,Vuokraturva Oy LKV [A],None,None
187480,"kerrostalo, 40 m2 | 2h + avok + kph",890.0,"Helsinki, Lauttasaari, Katajaharjuntie 6 C",http://www.vuokraovi.com//vuokra-asunto/helsinki/lauttasaari/kerrostalo/kaksio/187480,60.16464089999999,24.8583758,Vuokraturva Oy LKV [A],None,None
187460,"kerrostalo, 57 m2 | 2h+kt+s",992.0,"Espoo, Espoonlahti, Ulappakatu 1 F",http://www.vuokraovi.com//vuokra-asunto/espoo/espoonlahti/kerrostalo/kaksio/187460,60.1508655,24.6550839,Newsec Asset Management  Oy,None,None
187458,"rivitalo, 118 m2 | 3-4H, K, S",1800.0,"Helsinki, Tammisalo, Mantypaadentie 17 B",http://www.vuokraovi.com//vuokra-asunto/helsinki/tammisalo/rivitalo/kolmio/187458,60.194298,25.0690241,"Helsingin OPKK, Ullanlinna",None,None
187437,"kerrostalo, 75 m2 | 3H+K+S",1273.0,"Helsinki, Jatkasaari, Suezinkatu 3",http://www.vuokraovi.com//vuokra-asunto/helsinki/jatkasaari/kerrostalo/kolmio/187437,60.1584061,24.9215332,"Ovenia Isannointi Oy, Helsinki ( Avara)",None,None
187444,"kerrostalo, 43 m2 | 1H+KT",994.98,"Espoo, Leppavaara, Linnatullinkatu 1",http://www.vuokraovi.com//vuokra-asunto/espoo/leppavaara/kerrostalo/yksio/187444,60.2189922,24.8083298,Ovenia Isannointi Oy,None,None
187424,"kerrostalo, 27 m2 | 1h + avok + alkovi",790.0,"Helsinki, Sornainen, Paaskylanrinne 6 B",http://www.vuokraovi.com//vuokra-asunto/helsinki/sornainen/kerrostalo/yksio/187424,60.1878811,24.9662983,Vuokraturva Oy LKV [A],None,None
187415,"kerrostalo, 50 m2 | 1h, k, kph, erill.wc",895.0,"Helsinki, Kallio, Kaarlenkatu 15 C",http://www.vuokraovi.com//vuokra-asunto/helsinki/kallio/kerrostalo/yksio/187415,60.1865975,24.9514504,"Helsingin OPKK, Ullanlinna",None,None
187409,"kerrostalo, 53, 5 m2 | 2h + k + kph",1190.0,"Helsinki, Kruununhaka, Mariankatu 19 A",http://www.vuokraovi.com//vuokra-asunto/helsinki/kruununhaka/kerrostalo/kaksio/187409,60.1728569,24.9565773,Vuokraturva Oy LKV [A],None,None
187207,"kerrostalo, 43 m2 | 2h, avok, kph",1150.0,"Helsinki, Kamppi, Etelainen Rautatiekatu 16 a",http://www.vuokraovi.com//vuokra-asunto/helsinki/kamppi/kerrostalo/kaksio/187207,60.1683718,24.924984,Agency info missing,None,None
187395,"kerrostalo, 45, 7 m2 | 1h + avok + kph + wc + alkovi",1098.0,"Helsinki, Kruununhaka, Meritullinkatu 13 A",http://www.vuokraovi.com//vuokra-asunto/helsinki/kruununhaka/kerrostalo/yksio/187395,60.1725615,24.9585419,Vuokraturva Oy LKV [A],None,None
187394,"paritalo, 107 m2 | 5h+k+s",1590.0,"Espoo, Olari, Aamutie 2",http://www.vuokraovi.com//vuokra-asunto/espoo/olari/paritalo/5h+/187394,60.1694338,24.7436677,"TA-Yhtyma Oy, Espoo",None,None
187388,"kerrostalo, 32 m2 | 1h+kk",674.0,"Espoo, Soukka, Soukankaari 13",http://www.vuokraovi.com//vuokra-asunto/espoo/soukka/kerrostalo/yksio/187388,60.1408016,24.6673884,Agency info missing,None,None
187389,"kerrostalo, 31, 5 m2 | 1h+kk",778.0,"Helsinki, Ita-Pasila, Jarrumiehenkatu 2",http://www.vuokraovi.com//vuokra-asunto/helsinki/ita-pasila/kerrostalo/yksio/187389,60.2011878,24.9405208,SATO Vuokraus ja myynti / Helsinki,None,None
187321,"kerrostalo, 50 m2 | FURNISHED 2 r, kitchen",900.0,"Helsinki, Ullanlinna, Pietarinkatu 1 E",http://www.vuokraovi.com//vuokra-asunto/helsinki/ullanlinna/kerrostalo/kaksio/187321,60.15813430000001,24.9520139,Celine Oy Ab LKV AFM,None,None
187328,"kerrostalo, 47, 5 m2 | 2H+KT",888.0,"Espoo, Espoonlahti, Ulappakatu 1 G",http://www.vuokraovi.com//vuokra-asunto/espoo/espoonlahti/kerrostalo/kaksio/187328,60.1508655,24.6550839,Newsec Asset Management  Oy,None,None
187324,"kerrostalo, 63, 5 m2 | 3h+kt+s",1080.0,"Espoo, Espoonlahti, Ulappakatu 1 F",http://www.vuokraovi.com//vuokra-asunto/espoo/espoonlahti/kerrostalo/kolmio/187324,60.1508655,24.6550839,Newsec Asset Management  Oy,None,None
187325,"kerrostalo, 82, 5 m2 | 3h+k+s",1304.0,"Espoo, Espoonlahti, Ulappakatu 1 F",http://www.vuokraovi.com//vuokra-asunto/espoo/espoonlahti/kerrostalo/kolmio/187325,60.1508655,24.6550839,Newsec Asset Management  Oy,None,None
187326,"kerrostalo, 63, 5 m2 | 3h+kt+s",1092.0,"Espoo, Espoonlahti, Ulappakatu 1 F",http://www.vuokraovi.com//vuokra-asunto/espoo/espoonlahti/kerrostalo/kolmio/187326,60.1508655,24.6550839,Newsec Asset Management  Oy,None,None
187324,"kerrostalo, 63, 5 m2 | 3h+kt+s",1080.0,"Espoo, Espoonlahti, Ulappakatu 1 F",http://www.vuokraovi.com//vuokra-asunto/espoo/espoonlahti/kerrostalo/kolmio/187324,60.1508655,24.6550839,Newsec Asset Management  Oy,None,None
187326,"kerrostalo, 63, 5 m2 | 3h+kt+s",1092.0,"Espoo, Espoonlahti, Ulappakatu 1 F",http://www.vuokraovi.com//vuokra-asunto/espoo/espoonlahti/kerrostalo/kolmio/187326,60.1508655,24.6550839,Newsec Asset Management  Oy,None,None
187309,"kerrostalo, 77 m2 | 3h, avok., sauna, vh, lasitettu p",1253.0,"Espoo, Matinkyla, Maailman-Matti 2",http://www.vuokraovi.com//vuokra-asunto/espoo/matinkyla/kerrostalo/kolmio/187309,60.16242499999999,24.7399043,Paakaupunkiseutu Suuromistajien vuokra-asunnot,None,None
187308,"kerrostalo, 81 m2 | 3-4h, k, wc, sauna, parveke",1140.0,"Helsinki, Puistola, Tapulikaupungintie 13",http://www.vuokraovi.com//vuokra-asunto/helsinki/puistola/kerrostalo/4h/187308,60.2767296,25.0345024,Paakaupunkiseutu Suuromistajien vuokra-asunnot,None,None
187300,"omakotitalo, 176 m2 | 4h+rt+takkah+2vh+kph+wc+saunao",3400.0,"Espoo, Ruukinrannantie 14 D",http://www.vuokraovi.com//vuokra-asunto/espoo/omakotitalo/5h+/187300,60.20607219999999,24.8221744,ForenomDirect,None,None
187270,"kerrostalo, 64 m2 | 3h + avok + kph + s + lasitett",1240.0,"Helsinki, Vanhankaupunginlahti, Jokisuunpolku 2 A",http://www.vuokraovi.com//vuokra-asunto/helsinki/vanhankaupunginlahti/kerrostalo/kolmio/187270,60.17332440000001,24.9410248,Vuokraturva Oy LKV [A],None,None
187254,"kerrostalo, 54 m2 | 3h, avokk, kh, sauna, parveke",1161.0,"Espoo, Matinkyla, Matinniitynkuja 1",http://www.vuokraovi.com//vuokra-asunto/espoo/matinkyla/kerrostalo/kolmio/187254,60.160032,24.7451076,Paakaupunkiseutu Suuromistajien vuokra-asunnot,None,None
187230,"kerrostalo, 51 m2 | 2H+K",1118.0,"Espoo, Leppavaara, Linnatullinkatu 1",http://www.vuokraovi.com//vuokra-asunto/espoo/leppavaara/kerrostalo/kaksio/187230,60.2189922,24.8083298,Ovenia Isannointi Oy,None,None
187212,"kerrostalo, 61, 5 m2 | 3H+K",1015.0,"Espoo, Leppavaara, Leirikaari 24",http://www.vuokraovi.com//vuokra-asunto/espoo/leppavaara/kerrostalo/kolmio/187212,60.2104578,24.8076937,Lumo / VVO-kotikeskus PKS,None,None
187208,"kerrostalo, 53, 5 m2 | 2H+KK+S",1027.0,"Espoo, Matinkyla, Markkinakatu 4 A",http://www.vuokraovi.com//vuokra-asunto/espoo/matinkyla/kerrostalo/kaksio/187208,60.16070869999999,24.7369593,Ovenia (co. Keskinainen Elakevakuutusyhtio Ilmarinen),None,None
187200,"kerrostalo, 99, 5 m2 | 4h, k, lasitettu parveke",1250.0,"Espoo, Soukka, Alakartanontie 6 B",http://www.vuokraovi.com//vuokra-asunto/espoo/soukka/kerrostalo/4h/187200,60.1365026,24.6738126,Ylinkerros Oy Haaga,None,None
187197,"kerrostalo, 27 m2 | 1 h, kk",710.0,"Helsinki, Lassila, Kaupintie 18 A",http://www.vuokraovi.com//vuokra-asunto/helsinki/lassila/kerrostalo/yksio/187197,60.229142,24.8807684,Kiinteistotoimisto Takio LKV [A],None,None
187186,"kerrostalo, 45 m2 | 1h + avok + kph + vh + alkovi",890.0,"Helsinki, Alppiharju, Aleksis Kiven katu 52-54 C",http://www.vuokraovi.com//vuokra-asunto/helsinki/alppiharju/kerrostalo/yksio/187186,60.19200290000001,24.9456096,Vuokraturva Oy LKV [A],None,None
187187,"kerrostalo, 29 m2 | 1h + kk + kph + vh + ranskalai",750.0,"Helsinki, Sornainen, Kulmavuorenkatu 4 B",http://www.vuokraovi.com//vuokra-asunto/helsinki/sornainen/kerrostalo/yksio/187187,60.1883351,24.9648311,Vuokraturva Oy LKV [A],None,None
187179,"kerrostalo, 57, 5 m2 | 2H+K",844.0,"Espoo, Kivenlahti, Kivenlahdenkatu 6",http://www.vuokraovi.com//vuokra-asunto/espoo/kivenlahti/kerrostalo/kaksio/187179,60.1544184,24.631855,Lumo / VVO-kotikeskus PKS,None,None
187150,"rivitalo, 98, 5 m2 | 4H+K+S",1360.0,"Espoo, Tuomarila, Ratalaaksonkuja 5 C 11",http://www.vuokraovi.com//vuokra-asunto/espoo/tuomarila/rivitalo/4h/187150,60.2053665,24.6762937,Asokodit,None,None
187163,"kerrostalo, 77 m2 | 3h+k",1090.0,"Helsinki, Etela-Haaga, Laajasuontie 32 B 10",http://www.vuokraovi.com//vuokra-asunto/helsinki/etela-haaga/kerrostalo/kolmio/187163,60.21959169999999,24.8959357,Helsingin kaupunki / Kiinteistovirasto / Asunto-osasto,None,None
187138,"kerrostalo, 52, 5 m2 | 2h + k + p",880.0,"Helsinki, Puotila, Klaavuntie 4",http://www.vuokraovi.com//vuokra-asunto/helsinki/puotila/kerrostalo/kaksio/187138,60.20937319999999,25.0986044,Agency info missing,None,None
187140,"kerrostalo, 86 m2 | 4h+k+s+2parveketta",2055.3,"Helsinki, Jatkasaari, Saukonpaadenranta 4",http://www.vuokraovi.com//vuokra-asunto/helsinki/jatkasaari/kerrostalo/4h/187140,60.1598466,24.9095515,Suomen Vuokrakodit Oy,None,None
187137,"kerrostalo, 55, 5 m2 | 2h+k+s+parveke",1290.3,"Helsinki, Jatkasaari, Saukonpaadenranta 4",http://www.vuokraovi.com//vuokra-asunto/helsinki/jatkasaari/kerrostalo/kaksio/187137,60.1598466,24.9095515,Suomen Vuokrakodit Oy,None,None
187134,"kerrostalo, 42 m2 | 2h+kk",784.42,"Espoo, Tuomarila, Kulovalkeantie 22",http://www.vuokraovi.com//vuokra-asunto/espoo/tuomarila/kerrostalo/kaksio/187134,60.20750049999999,24.6846329,Suomen Vuokrakodit Oy,None,None
187131,"kerrostalo, 41 m2 | 2h+kk+terassi",728.7,"Espoo, Tuomarila, Kulovalkeantie 22",http://www.vuokraovi.com//vuokra-asunto/espoo/tuomarila/kerrostalo/kaksio/187131,60.20750049999999,24.6846329,Suomen Vuokrakodit Oy,None,None
187129,"kerrostalo, 68 m2 | 3h+kt+s+parveke",1014.29,"Espoo, Tuomarila, Kulovalkeankuja 2",http://www.vuokraovi.com//vuokra-asunto/espoo/tuomarila/kerrostalo/kolmio/187129,60.2078836,24.6846481,Suomen Vuokrakodit Oy,None,None
187127,"kerrostalo, 75 m2 | 3h+k+s+parveke",1216.86,"Helsinki, Konala, Ajomiehentie 8",http://www.vuokraovi.com//vuokra-asunto/helsinki/konala/kerrostalo/kolmio/187127,60.2386403,24.8502881,Suomen Vuokrakodit Oy,None,None
187121,"kerrostalo, 68, 5 m2 | 3h+kt+s+parveke",1031.39,"Espoo, Tuomarila, Kulovalkeantie 22",http://www.vuokraovi.com//vuokra-asunto/espoo/tuomarila/kerrostalo/kolmio/187121,60.20750049999999,24.6846329,Suomen Vuokrakodit Oy,None,None
187119,"kerrostalo, 71, 5 m2 | 3h+kk+s+parveke",1698.0,"Helsinki, Jatkasaari, Saukonpaadenranta",http://www.vuokraovi.com//vuokra-asunto/helsinki/jatkasaari/kerrostalo/kolmio/187119,60.1593104,24.9079325,Suomen Vuokrakodit Oy,None,None
187117,"kerrostalo, 52, 5 m2 | 2h+k+s+parveke",1310.7,"Helsinki, Jatkasaari, Saukonpaadenranta 4",http://www.vuokraovi.com//vuokra-asunto/helsinki/jatkasaari/kerrostalo/kaksio/187117,60.1598466,24.9095515,Suomen Vuokrakodit Oy,None,None
187115,"kerrostalo, 50, 5 m2 | 2h+k+parveke",1204.0,"Helsinki, Jatkasaari, Saukonpaadenranta 4",http://www.vuokraovi.com//vuokra-asunto/helsinki/jatkasaari/kerrostalo/kaksio/187115,60.1598466,24.9095515,Suomen Vuokrakodit Oy,None,None
187113,"kerrostalo, 83 m2 | 4h+kt+s+parveke",1358.0,"Helsinki, Konala, Ajomiehentie 8",http://www.vuokraovi.com//vuokra-asunto/helsinki/konala/kerrostalo/4h/187113,60.2386403,24.8502881,Suomen Vuokrakodit Oy,None,None
187109,"kerrostalo, 58 m2 | 2h+k+s+parveke",1449.42,"Helsinki, Jatkasaari, Saukonpaadenranta 4",http://www.vuokraovi.com//vuokra-asunto/helsinki/jatkasaari/kerrostalo/kaksio/187109,60.1598466,24.9095515,Suomen Vuokrakodit Oy,None,None
187122,"kerrostalo, 49, 5 m2 | 2H+K",771.0,"Espoo, Tuomarila, Lyhtykuja 4",http://www.vuokraovi.com//vuokra-asunto/espoo/tuomarila/kerrostalo/kaksio/187122,60.2061106,24.6744993,VVO-kotikeskus PKS,None,None
187079,"kerrostalo, 72, 5 m2 | 3h, k, s, lasitettu parveke",1073.0,"Helsinki, Puistola, Tapulikaupungintie 13",http://www.vuokraovi.com//vuokra-asunto/helsinki/puistola/kerrostalo/kolmio/187079,60.2767296,25.0345024,Paakaupunkiseutu Suuromistajien vuokra-asunnot,None,None
187049,"kerrostalo, 23 m2 | 1h + avok + kph + ranskalainen",657.0,"Helsinki, Hermanni, Helminkatu 6 A",http://www.vuokraovi.com//vuokra-asunto/helsinki/hermanni/kerrostalo/yksio/187049,60.19794349999999,24.9635459,Vuokraturva Oy LKV [A],None,None
187042,"kerrostalo, 22 m2 | KALUSTETTU 1H+AVOK+KPH",780.0,"Helsinki, Kamppi, Eerikinkatu 29 C",http://www.vuokraovi.com//vuokra-asunto/helsinki/kamppi/kerrostalo/yksio/187042,60.1651012,24.9290205,Smartmove Oy,None,None
187008,"kerrostalo, 81 m2 | 3h+k",1550.0,"Helsinki, Munkkiniemi, Perustie 11",http://www.vuokraovi.com//vuokra-asunto/helsinki/munkkiniemi/kerrostalo/kolmio/187008,60.19801990000001,24.882095,"Kiinteistomaailma | Hki-Lansi, Munkkiniemi, Amuletti Asunnot Oy",None,None
187002,"kerrostalo, 31 m2 | 1hh + lasitettu parveke",620.0,"Espoo, Matinkyla, Matinkatu 20 D",http://www.vuokraovi.com//vuokra-asunto/espoo/matinkyla/kerrostalo/yksio/187002,60.15807400000001,24.7408252,OVV Asuntopalvelut Oy,None,None
186991,"kerrostalo, 48 m2 | 2h+kk+s",1210.0,"Helsinki, Tali, Kutomotie 8a",http://www.vuokraovi.com//vuokra-asunto/helsinki/tali/kerrostalo/kaksio/186991,60.2141236,24.8723259,SATO Vuokraus ja myynti / Helsinki,None,None
186990,"kerrostalo, 57, 5 m2 | 2h+k+s",1276.0,"Helsinki, Tapanila, Rajatie 6",http://www.vuokraovi.com//vuokra-asunto/helsinki/tapanila/kerrostalo/kaksio/186990,60.2623822,25.0188003,Agency info missing,None,None
186984,"kerrostalo, 58, 5 m2 | 2h, k, kh, s, terassi, piha",830.0,"Helsinki, Malmi, Karviaismaki 9",http://www.vuokraovi.com//vuokra-asunto/helsinki/malmi/kerrostalo/kaksio/186984,60.2450471,25.0086682,Agency info missing,None,None
186970,"kerrostalo, 91 m2 | 4H+K+RT+KPH+S+WC+P",2500.0,"Helsinki, Hietalahti, Hietalahdenranta 19 A",http://www.vuokraovi.com//vuokra-asunto/helsinki/hietalahti/kerrostalo/4h/186970,60.16114469999999,24.9258521,Smartmove Oy,None,None
186952,"kerrostalo, 47, 5 m2 | 1-2 h + k + lasitettu parveke",955.0,"Helsinki, Arabianranta, Arabiankatu 6 D",http://www.vuokraovi.com//vuokra-asunto/helsinki/arabianranta/kerrostalo/kaksio/186952,60.2075376,24.9775788,Asuntoverstas Hallinnointi ja vuokraus Oy,None,None
186926,"kerrostalo, 39 m2 | 1h+k",829.0,"Helsinki, Laajasalo, Svanstrominkuja 9",http://www.vuokraovi.com//vuokra-asunto/helsinki/laajasalo/kerrostalo/yksio/186926,60.1731817,25.0477383,Kruunuasunnot Oy,None,None
186931,"kerrostalo, 58 m2 | 2h + k + kph + lasitettu p",780.0,"Helsinki, Pihlajamaki, Vuolukiventie 4 B",http://www.vuokraovi.com//vuokra-asunto/helsinki/pihlajamaki/kerrostalo/kaksio/186931,60.2356499,25.0061056,Vuokraturva Oy LKV [A],None,None
186932,"kerrostalo, 50 m2 | 2h + k + kph + p",820.0,"Espoo, Tapiola, Pohjantie 8 - 10 C",http://www.vuokraovi.com//vuokra-asunto/espoo/tapiola/kerrostalo/kaksio/186932,60.1769912,24.7993893,Vuokraturva Oy LKV [A],None,None
186930,"kerrostalo, 23 m2 | 1h + kk + kph",680.0,"Helsinki, Sornainen, Vilhonvuorenkuja 10 C",http://www.vuokraovi.com//vuokra-asunto/helsinki/sornainen/kerrostalo/yksio/186930,60.1871919,24.9624034,Vuokraturva Oy LKV [A],None,None
186924,"kerrostalo, 27 m2 | 1h",640.0,"Helsinki, Roihuvuori, Keijukaistenpolku1",http://www.vuokraovi.com//vuokra-asunto/helsinki/roihuvuori/kerrostalo/yksio/186924,60.19537320000001,25.0587406,OVV Asuntopalvelut Oy,None,None
186894,"kerrostalo, 112 m2 | Unfurnished 4r, kitchen",1900.0,"Helsinki, Etu-Toolo, Temppelikatu 9 A",http://www.vuokraovi.com//vuokra-asunto/helsinki/etu-toolo/kerrostalo/4h/186894,60.17370589999999,24.9263375,Celine Oy Ab LKV AFM,None,None
186904,"kerrostalo, 45 m2 | 2h + kk + kph + lasitettu p",780.0,"Helsinki, Mellunmaki, Yllastunturinkuja 1 A",http://www.vuokraovi.com//vuokra-asunto/helsinki/mellunmaki/kerrostalo/kaksio/186904,60.2356741,25.1278232,Vuokraturva Oy LKV [A],None,None
186895,"kerrostalo, 52 m2 | 2 h, pk, kph, vh, 2 parv",1140.0,"Helsinki, Munkkisaari, Hernesaarenkatu 11",http://www.vuokraovi.com//vuokra-asunto/helsinki/munkkisaari/kerrostalo/kaksio/186895,60.1566825,24.9319612,Kiinteistomaailma | Kamppi,None,None
186892,"kerrostalo, 148 m2 | 4-1 h, k, khh, s LOFT",3250.0,"Helsinki, Purotie 3 G",http://www.vuokraovi.com//vuokra-asunto/helsinki/kerrostalo/4h/186892,60.21656600000001,24.8682545,"Uudenmaan Viva Oy Lkv, Suur-Helsinki",None,None
186878,"kerrostalo, 61 m2 | 2h + k + kph + lasitettu p",1195.0,"Helsinki, Katajanokka, Katajanokanranta 1 D",http://www.vuokraovi.com//vuokra-asunto/helsinki/katajanokka/kerrostalo/kaksio/186878,60.16534249999999,24.9720796,Vuokraturva Oy LKV [A],None,None
186852,"rivitalo, 108, 5 m2 | 5h+k+s+2wc+piha+p",1650.0,"Helsinki, Jollas, Harkalahdenkuja 9 A",http://www.vuokraovi.com//vuokra-asunto/helsinki/jollas/rivitalo/5h+/186852,60.15876830000001,25.0712033,Koivuhovi LKV Oy,None,None
186848,"kerrostalo, 76, 3 m2 | 2h + halli + k + kph + wc + al",1450.0,"Helsinki, Etu-Toolo, Caloniuksenkatu 3 B",http://www.vuokraovi.com//vuokra-asunto/helsinki/etu-toolo/kerrostalo/kaksio/186848,60.17401629999999,24.9201519,Vuokraturva Oy LKV [A],None,None
186849,"kerrostalo, 51 m2 | 2h + k + kph + lasitettu p",845.0,"Helsinki, Laajasalo, Ryytikuja 1-3 G",http://www.vuokraovi.com//vuokra-asunto/helsinki/laajasalo/kerrostalo/kaksio/186849,60.1836405,25.0528601,Vuokraturva Oy LKV [A],None,None
186850,"kerrostalo, 35 m2 | 2h + kk + kph",940.0,"Helsinki, Ullanlinna, Vuorimiehenkatu 31 A",http://www.vuokraovi.com//vuokra-asunto/helsinki/ullanlinna/kerrostalo/kaksio/186850,60.1593493,24.9444932,Vuokraturva Oy LKV [A],None,None
186851,"kerrostalo, 41 m2 | 2h + k + kph",1070.0,"Helsinki, Ullanlinna, Kasarmikatu 20 A",http://www.vuokraovi.com//vuokra-asunto/helsinki/ullanlinna/kerrostalo/kaksio/186851,60.16242679999999,24.9479982,Vuokraturva Oy LKV [A],None,None
186847,"kerrostalo, 48 m2 | 2h, kk, s, p",990.0,"Espoo, Leppavaara, Leppavaarankatu 7",http://www.vuokraovi.com//vuokra-asunto/espoo/leppavaara/kerrostalo/kaksio/186847,60.2171101,24.8102652,"Kiinteistomaailma |  Confidence m2 Oy, Espoo",None,None
186836,"kerrostalo, 40, 5 m2 | 1H+AVOK+S",800.0,"Espoo, Matinkyla, Markkinakatu 2",http://www.vuokraovi.com//vuokra-asunto/espoo/matinkyla/kerrostalo/yksio/186836,60.1603426,24.737268,Ovenia (co. Keskinainen Elakevakuutusyhtio Ilmarinen),None,None
186813,"rivitalo, 93, 5 m2 | Row-house; Unfurnished 3r, s, terrace, parking",1650.0,"Espoo, Koukkuniemi, Koukkuniemenkuja 2",http://www.vuokraovi.com//vuokra-asunto/espoo/koukkuniemi/rivitalo/kolmio/186813,60.1536163,24.7645914,Celine Oy Ab LKV AFM,None,None
186805,"kerrostalo, 41 m2 | 2h, avokeittio, sauna /kph",1250.0,"Helsinki, Kamppi, Lonnrotinkatu 22 A",http://www.vuokraovi.com//vuokra-asunto/helsinki/kamppi/kerrostalo/kaksio/186805,60.1646482,24.9339688,Habita Toolo / Etela-Helsingin Habita Oy,None,None
186787,"kerrostalo, 56, 5 m2 | 2h+k",835.0,"Helsinki, Malmi, Markkinatie 15 A 7",http://www.vuokraovi.com//vuokra-asunto/helsinki/malmi/kerrostalo/kaksio/186787,60.250651,25.0014436,Helsingin kaupunki / Kiinteistovirasto / Asunto-osasto,None,None
186783,"kerrostalo, 43 m2 | 2h + avok + kph + wc",1145.0,"Helsinki, Ullanlinna, Pietarinkatu 16 A",http://www.vuokraovi.com//vuokra-asunto/helsinki/ullanlinna/kerrostalo/kaksio/186783,60.15702669999999,24.9462718,Vuokraturva Oy LKV [A],None,None
186758,"omakotitalo, 35 m2 | 2h+k",750.0,"Helsinki, Puistola, Suuntimotie 6",http://www.vuokraovi.com//vuokra-asunto/helsinki/puistola/omakotitalo/kaksio/186758,60.27219520000001,25.0447125,Agency info missing,None,None
186747,"kerrostalo, 40 m2 | 1h + avok + kph + s + vh + alk",1090.0,"Helsinki, Hietalahti, Bulevardi 54 A",http://www.vuokraovi.com//vuokra-asunto/helsinki/hietalahti/kerrostalo/yksio/186747,60.1618751,24.9300165,Vuokraturva Oy LKV [A],None,None
186750,"kerrostalo, 34 m2 | 1h + kk + kph + ranskalainen p",850.0,"Helsinki, Katajanokka, Amiraalinkatu 4 C",http://www.vuokraovi.com//vuokra-asunto/helsinki/katajanokka/kerrostalo/yksio/186750,60.16675439999999,24.973191,Vuokraturva Oy LKV [A],None,None
186752,"kerrostalo, 47, 5 m2 | 2h + avok + kph + wc",1199.0,"Helsinki, Ullanlinna, Vuorimiehenkatu 23b B",http://www.vuokraovi.com//vuokra-asunto/helsinki/ullanlinna/kerrostalo/kaksio/186752,60.1596305,24.9480234,Vuokraturva Oy LKV [A],None,None
186753,"kerrostalo, 46, 4 m2 | 2h + kk + kph",940.0,"Helsinki, Taka-Toolo, Mannerheimintie 94 A",http://www.vuokraovi.com//vuokra-asunto/helsinki/taka-toolo/kerrostalo/kaksio/186753,60.1879702,24.9185109,Vuokraturva Oy LKV [A],None,None
186754,"kerrostalo, 39, 5 m2 | 1h + k + kph",820.0,"Helsinki, Taka-Toolo, Mannerheimintie 94 A",http://www.vuokraovi.com//vuokra-asunto/helsinki/taka-toolo/kerrostalo/yksio/186754,60.1879702,24.9185109,Vuokraturva Oy LKV [A],None,None
186742,"kerrostalo, 73 m2 | 3 h, kk, sauna, lasitettu tera",1190.0,"Helsinki, Myllypuro, Kiviparintie 2",http://www.vuokraovi.com//vuokra-asunto/helsinki/myllypuro/kerrostalo/kolmio/186742,60.22455189999999,25.0745293,Paakaupunkiseutu Yksityisomistajien vuokra-asunnot,None,None
186743,"kerrostalo, 65, 5 m2 | 3 h, avok, vh, kh, lasitettu p",1493.0,"Helsinki, Jatkasaari, Kap Hornin katu 8",http://www.vuokraovi.com//vuokra-asunto/helsinki/jatkasaari/kerrostalo/kolmio/186743,60.15762050000001,24.9203444,Paakaupunkiseutu Yksityisomistajien vuokra-asunnot,None,None
186737,"kerrostalo, 59, 5 m2 | 2 h, kk, vh, kh, pihaterassi",1289.0,"Helsinki, Jatkasaari, Kap Hornin katu 8",http://www.vuokraovi.com//vuokra-asunto/helsinki/jatkasaari/kerrostalo/kaksio/186737,60.15762050000001,24.9203444,Paakaupunkiseutu Yksityisomistajien vuokra-asunnot,None,None
186733,"kerrostalo, 139 m2 | 3h, halli, alkovi, keittio, kp",2700.0,"Helsinki, Kamppi, Lonnrotinkatu 22 A",http://www.vuokraovi.com//vuokra-asunto/helsinki/kamppi/kerrostalo/kolmio/186733,60.1646482,24.9339688,Habita Toolo / Etela-Helsingin Habita Oy,None,None
186711,"kerrostalo, 25, 7 m2 | 1h+avok",720.0,"Helsinki, Hakaniemi, Sornaisten rantatie 1B",http://www.vuokraovi.com//vuokra-asunto/helsinki/hakaniemi/kerrostalo/yksio/186711,60.17332440000001,24.9410248,Agency info missing,None,None
186625,"kerrostalo, 42 m2 | 1-2h+k",1050.0,"Helsinki, Kalasatama, Capellan puistotie 6",http://www.vuokraovi.com//vuokra-asunto/helsinki/kalasatama/kerrostalo/kaksio/186625,60.1842406,24.982403,Agency info missing,None,None
186708,"kerrostalo, 39, 5 m2 | 1 h, alkovi, kk, kh, ransk. pa",984.0,"Helsinki, Kamppi, Eerikinkatu 41",http://www.vuokraovi.com//vuokra-asunto/helsinki/kamppi/kerrostalo/yksio/186708,60.1638959,24.9255666,Paakaupunkiseutu Yksityisomistajien vuokra-asunnot,None,None
186704,"kerrostalo, 48 m2 | 1h+k+kh+alkovi",880.0,"Helsinki, Vallila, Eurantie 12 A",http://www.vuokraovi.com//vuokra-asunto/helsinki/vallila/kerrostalo/yksio/186704,60.1960354,24.9621233,"Helsingin OPKK, Hakaniemi",None,None
186695,"kerrostalo, 53 m2 | 3h, k, kph, wc",2072.0,"Helsinki, Vahantuvantie 6",http://www.vuokraovi.com//vuokra-asunto/helsinki/kerrostalo/kolmio/186695,60.23280200000001,24.8494655,Majoituspalvelu Forenom Oy,None,None
186696,"kerrostalo, 37 m2 | 2h, kk, kph, p",1418.0,"Espoo, Menninkaisentie 5",http://www.vuokraovi.com//vuokra-asunto/espoo/kerrostalo/kaksio/186696,60.1799905,24.8099659,Majoituspalvelu Forenom Oy,None,None
186687,"kerrostalo, 39 m2 | 1 h, kk, alkovi, ransk.parveke",974.0,"Helsinki, Kamppi, Eerikinkatu 41",http://www.vuokraovi.com//vuokra-asunto/helsinki/kamppi/kerrostalo/yksio/186687,60.1638959,24.9255666,Paakaupunkiseutu Yksityisomistajien vuokra-asunnot,None,None
186641,"kerrostalo, 59, 5 m2 | 2 h, kk, sauna, ranskalainen p",1300.0,"Helsinki, Kamppi, Eerikinkatu 41",http://www.vuokraovi.com//vuokra-asunto/helsinki/kamppi/kerrostalo/kaksio/186641,60.1638959,24.9255666,Paakaupunkiseutu Yksityisomistajien vuokra-asunnot,None,None
186642,"kerrostalo, 65 m2 | 2 h, kk, sauna, terassiparveke",1338.0,"Helsinki, Kamppi, Eerikinkatu 41",http://www.vuokraovi.com//vuokra-asunto/helsinki/kamppi/kerrostalo/kaksio/186642,60.1638959,24.9255666,Paakaupunkiseutu Yksityisomistajien vuokra-asunnot,None,None
186643,"kerrostalo, 65 m2 | 2 h, kk, sauna, parveke",1410.0,"Helsinki, Kamppi, Eerikinkatu 41",http://www.vuokraovi.com//vuokra-asunto/helsinki/kamppi/kerrostalo/kaksio/186643,60.1638959,24.9255666,Paakaupunkiseutu Yksityisomistajien vuokra-asunnot,None,None
186630,"kerrostalo, 53, 5 m2 | 2 h, kt, parveke",1205.0,"Helsinki, Sornainen, Paaskylanrinne 8 A",http://www.vuokraovi.com//vuokra-asunto/helsinki/sornainen/kerrostalo/kaksio/186630,60.1881862,24.9666316,Suomen Laatuasunnot Oy,None,None
186629,"kerrostalo, 33, 5 m2 | 1h + k + kph + lasitettu p",780.0,"Helsinki, Niemenmaki, Niemenmaentie 10 A",http://www.vuokraovi.com//vuokra-asunto/helsinki/niemenmaki/kerrostalo/yksio/186629,60.2055539,24.8833344,Vuokraturva Oy LKV [A],None,None
186606,"kerrostalo, 76, 5 m2 | 3H+K+S",981.07,"Espoo, Tuomarila, Tuomarilankatu 1",http://www.vuokraovi.com//vuokra-asunto/espoo/tuomarila/kerrostalo/kolmio/186606,60.20516540000001,24.6839006,"Ovenia Isannointi Oy, Helsinki ( Avara)",None,None
186584,"kerrostalo, 78 m2 | FURNISHED 3 rooms, kitchenette",2100.0,"Helsinki, Etu-Toolo, Tunturikatu 11 B",http://www.vuokraovi.com//vuokra-asunto/helsinki/etu-toolo/kerrostalo/kolmio/186584,60.1743475,24.9254216,Celine Oy Ab LKV AFM,None,None
186594,"kerrostalo, 46, 5 m2 | 2 h, kk, kh",830.0,"Helsinki, Lauttasaari, Tallbergin Puistotie 14",http://www.vuokraovi.com//vuokra-asunto/helsinki/lauttasaari/kerrostalo/kaksio/186594,60.1577553,24.8764969,Paakaupunkiseutu Yksityisomistajien vuokra-asunnot,None,None
186546,"kerrostalo, 24 m2 | FURNISHED STUDIO",850.0,"Helsinki, Taka-Toolo, Valhallankatu 5 A",http://www.vuokraovi.com//vuokra-asunto/helsinki/taka-toolo/kerrostalo/yksio/186546,60.18402289999999,24.913225,Celine Oy Ab LKV AFM,None,None
186541,"kerrostalo, 87 m2 | 4H+K",1571.0,"Helsinki, Merihaka, Haapaniemenkatu 11",http://www.vuokraovi.com//vuokra-asunto/helsinki/merihaka/kerrostalo/4h/186541,60.17895480000001,24.9603821,Lumo / VVO-kotikeskus PKS,None,None
186548,"kerrostalo, 20 m2 | 1h + k +kh",470.0,"Helsinki, Kumpula, Koskelantie 37",http://www.vuokraovi.com//vuokra-asunto/helsinki/kumpula/kerrostalo/yksio/186548,60.21424520000001,24.9619106,OVV Asuntopalvelut Oy,None,None
186527,"kerrostalo, 39, 5 m2 | 1h + avok + kph",935.0,"Helsinki, Punavuori, Annankatu 4 A",http://www.vuokraovi.com//vuokra-asunto/helsinki/punavuori/kerrostalo/yksio/186527,60.163154,24.9418764,Vuokraturva Oy LKV [A],None,None
186492,"kerrostalo, 53 m2 | 2h + k + kph + s + p",880.0,"Espoo, Kivenlahti, Kivenlahdenkatu 11 A",http://www.vuokraovi.com//vuokra-asunto/espoo/kivenlahti/kerrostalo/kaksio/186492,60.15339780000001,24.6332118,Vuokraturva Oy LKV [A],None,None
186491,"kerrostalo, 18 m2 | 4h + k + kh + wc",540.0,"Helsinki, Punavuori, Fredrikinkatu 41 B",http://www.vuokraovi.com//vuokra-asunto/helsinki/punavuori/kerrostalo/yksio/186491,60.1651469,24.9360755,Topreal,None,None
186482,"kerrostalo, 47, 5 m2 | 1h+k",950.0,"Helsinki, Toolo, Stenbackinkatu 6 A",http://www.vuokraovi.com//vuokra-asunto/helsinki/toolo/kerrostalo/yksio/186482,60.18922600000001,24.9149134,My House Oy LKV,None,None
186480,"kerrostalo, 72 m2 | 2h + k + kph + wc",1380.0,"Helsinki, Kruununhaka, Unioninkatu 45 A",http://www.vuokraovi.com//vuokra-asunto/helsinki/kruununhaka/kerrostalo/kaksio/186480,60.1753321,24.9505144,Vuokraturva Oy LKV [A],None,None
186479,"kerrostalo, 44, 1 m2 | 2h ja avokeittio",870.0,"Helsinki, Kulosaari, Kulosaaren puistotie 50",http://www.vuokraovi.com//vuokra-asunto/helsinki/kulosaari/kerrostalo/kaksio/186479,60.18955889999999,25.0106104,Agency info missing,None,None
186473,"kerrostalo, 51 m2 | 2 h, avokeittio, kph, sauna, tilava parvi",1450.0,"Helsinki, Kruununhaka, Vironkatu 7",http://www.vuokraovi.com//vuokra-asunto/helsinki/kruununhaka/kerrostalo/kaksio/186473,60.1724513,24.9552271,Agency info missing,None,None
186470,"erillistalo, 16 m2 | Omahuone, jaettu kph",1050.0,"Espoo, Otaniemi, Kivimiehentie 2",http://www.vuokraovi.com//vuokra-asunto/espoo/otaniemi/erillistalo/yksio/186470,60.17986649999999,24.8287218,Agency info missing,None,None
186466,"kerrostalo, 52 m2 | 2h, k, kh, parveke",950.0,"Helsinki, Etela-Haaga, Artturi Kannistontie 8",http://www.vuokraovi.com//vuokra-asunto/helsinki/etela-haaga/kerrostalo/kaksio/186466,60.2187258,24.8954768,Paakaupunkiseutu Yksityisomistajien vuokra-asunnot,None,None
186467,"kerrostalo, 23 m2 | 1 h, kk, kh",660.0,"Helsinki, Lauttasaari, Lauttasaarentie 32",http://www.vuokraovi.com//vuokra-asunto/helsinki/lauttasaari/kerrostalo/yksio/186467,60.16036789999999,24.8799917,Paakaupunkiseutu Yksityisomistajien vuokra-asunnot,None,None
186441,"kerrostalo, 74, 5 m2 | 3h+k",1180.0,"Helsinki, Ita-Pasila, Sahkottajankatu 4",http://www.vuokraovi.com//vuokra-asunto/helsinki/ita-pasila/kerrostalo/kolmio/186441,60.1976578,24.9393428,SATO Vuokraus ja myynti / Helsinki,None,None
186444,"kerrostalo, 45, 5 m2 | 2h+kk",828.0,"Helsinki, Mellunkyla, Lupajantie 2",http://www.vuokraovi.com//vuokra-asunto/helsinki/mellunkyla/kerrostalo/kaksio/186444,60.233229,25.1043706,SATO Vuokraus ja myynti / Helsinki,None,None
186393,"kerrostalo, 56 m2 | 2H+K+S",945.0,"Helsinki, Viikki, Agronominraitti 2",http://www.vuokraovi.com//vuokra-asunto/helsinki/viikki/kerrostalo/kaksio/186393,60.2339619,25.0354691,"Ovenia Isannointi Oy, Helsinki ( Avara)",None,None
186389,"kerrostalo, 68 m2 | 3h, k, s",1350.0,"Helsinki, Aurinkolahti, Nukkeruusunkuja 3",http://www.vuokraovi.com//vuokra-asunto/helsinki/aurinkolahti/kerrostalo/kolmio/186389,60.2035109,25.1485098,"Uudenmaan Viva Oy Lkv, Suur-Helsinki",None,None
186160,"kerrostalo, 58 m2 | 2h+k+kph+parveke",850.0,"Helsinki, Oulunkyla, Makitorpantie 18-20 B",http://www.vuokraovi.com//vuokra-asunto/helsinki/oulunkyla/kerrostalo/kaksio/186160,60.224645,24.9517451,Agency info missing,None,None
186360,"kerrostalo, 27 m2 | 1h+k+kph",830.0,"Helsinki, Kallio, Toinen Linja 15 A",http://www.vuokraovi.com//vuokra-asunto/helsinki/kallio/kerrostalo/yksio/186360,60.1822967,24.9468675,"Himat Oy LKV, Helsinki",None,None
186352,"kerrostalo, 49 m2 | 2 h, kk, kh, p",850.0,"Helsinki, Lauttasaari, Lauttasaarentie 24-26",http://www.vuokraovi.com//vuokra-asunto/helsinki/lauttasaari/kerrostalo/kaksio/186352,60.1604444,24.8833004,Paakaupunkiseutu Yksityisomistajien vuokra-asunnot,None,None
186349,"kerrostalo, 63, 5 m2 | 3h, k, kh",1360.0,"Helsinki, Sornainen, Lintulahdenkatu 6",http://www.vuokraovi.com//vuokra-asunto/helsinki/sornainen/kerrostalo/kolmio/186349,60.1842452,24.9613686,Agency info missing,None,None
186331,"kerrostalo, 59 m2 | 2h + k + kph + wc + s + vh + p",1275.0,"Helsinki, Hietalahti, Kalevankatu 56 a B",http://www.vuokraovi.com//vuokra-asunto/helsinki/hietalahti/kerrostalo/kaksio/186331,60.16253769999999,24.9246176,Vuokraturva Oy LKV [A],None,None
186328,"rivitalo, 60 m2 | Oh+alkovi+avoK+sh+ IIkrs Mh",670.0,"Espoo, Bodom, Bodomintie 4",http://www.vuokraovi.com//vuokra-asunto/espoo/bodom/rivitalo/kaksio/186328,60.259886,24.6969654,Agency info missing,None,None
186324,"kerrostalo, 45 m2 | 2h+kk+s",857.0,"Espoo, Vallikallio, Porarinkatu 8",http://www.vuokraovi.com//vuokra-asunto/espoo/vallikallio/kerrostalo/kaksio/186324,60.22472719999999,24.8171228,SATO Vuokraus ja myynti / Helsinki,None,None
186325,"kerrostalo, 48 m2 | 2h+k",1465.0,"Helsinki, Taka-Toolo, Stenbackinkatu 5",http://www.vuokraovi.com//vuokra-asunto/helsinki/taka-toolo/kerrostalo/kaksio/186325,60.1893932,24.9150765,SATO Vuokraus ja myynti / Helsinki,None,None
186321,"kerrostalo, 76 m2 | 3h+k+parveke",1077.0,"Helsinki, Vuosaari, Ulappasaarentie 4",http://www.vuokraovi.com//vuokra-asunto/helsinki/vuosaari/kerrostalo/kolmio/186321,60.21052989999999,25.137397,Ovenia (co. Keskinainen Elakevakuutusyhtio Ilmarinen),None,None
186303,"kerrostalo, 47, 5 m2 | 2H+K+KPH+P",750.0,"Espoo, Kilo, Lansantie 23A A",http://www.vuokraovi.com//vuokra-asunto/espoo/kilo/kerrostalo/kaksio/186303,60.212059,24.7675811,Smartmove Oy,None,None
186307,"kerrostalo, 98 m2 | 4h, kk, wc",2679.0,"Helsinki, Munkkiniemi, Kadetintie 6",http://www.vuokraovi.com//vuokra-asunto/helsinki/munkkiniemi/kerrostalo/4h/186307,60.1955778,24.8788576,Majoituspalvelu Forenom Oy,None,None
186269,"kerrostalo, 33, 25 m2 | 1huone, keittio, alkovi, parvi",850.0,"Helsinki, Kamppi, Kalevankatu 52",http://www.vuokraovi.com//vuokra-asunto/helsinki/kamppi/kerrostalo/yksio/186269,60.1631979,24.9265157,Kiinteistomaailma | Kamppi,None,None
186259,"erillistalo, 83 m2 | 2H+K+S",1215.0,"Espoo, Kaitaa, Jarvitorppa 4",http://www.vuokraovi.com//vuokra-asunto/espoo/kaitaa/erillistalo/kaksio/186259,60.1479989,24.671198,Asokodit,None,None
186254,"kerrostalo, 101 m2 | Unfurnished 3r, eat-in kitchen",2000.0,"Helsinki, Katajanokka, Luotsikatu 12 A",http://www.vuokraovi.com//vuokra-asunto/helsinki/katajanokka/kerrostalo/kolmio/186254,60.1678666,24.966363,Celine Oy Ab LKV AFM,None,None
186246,"kerrostalo, 54, 5 m2 | 2h+k+sauna+parveke",1008.0,"Helsinki, Etela-Haaga, Hellemaenpolku 10",http://www.vuokraovi.com//vuokra-asunto/helsinki/etela-haaga/kerrostalo/kaksio/186246,60.21140369999999,24.8862775,Ovenia (co. Keskinainen Elakevakuutusyhtio Ilmarinen),None,None
186238,"kerrostalo, 75 m2 | 3h+k+s+p",976.19,"Espoo, Espoon keskus, Espoonaukio 7 A 8",http://www.vuokraovi.com//vuokra-asunto/espoo/espoon+keskus/kerrostalo/kolmio/186238,60.2064472,24.6591104,Keva,None,None
186229,"kerrostalo, 47, 5 m2 | 2h+kk+sauna+las.parveke",798.71,"Helsinki, Vuosaari, Nukkeruusunkuja 4 B 40",http://www.vuokraovi.com//vuokra-asunto/helsinki/vuosaari/kerrostalo/kaksio/186229,60.2034324,25.1480954,Keva,None,None
186227,"kerrostalo, 48, 5 m2 | 2h+kk+s+las.p",928.51,"Helsinki, Herttoniemenranta, Niittaajankatu 1 A 5",http://www.vuokraovi.com//vuokra-asunto/helsinki/herttoniemenranta/kerrostalo/kaksio/186227,60.1909655,25.0254333,Keva,None,None
186214,"kerrostalo, 45 m2 | 2h+kk+sauna+terassi",805.0,"Helsinki, Reimarla, Piispantie 2",http://www.vuokraovi.com//vuokra-asunto/helsinki/reimarla/kerrostalo/kaksio/186214,60.2296223,24.8469396,Ovenia (co. Keskinainen Elakevakuutusyhtio Ilmarinen),None,None
186204,"kerrostalo, 69 m2 | 3h+k",997.0,"Helsinki, Malminkartano, Pihkatie 6 F 55",http://www.vuokraovi.com//vuokra-asunto/helsinki/malminkartano/kerrostalo/kolmio/186204,60.2523235,24.8560735,Helsingin kaupunki / Kiinteistovirasto / Asunto-osasto,None,None
186082,"rivitalo, 104, 5 m2 | 4h+k",2200.0,"Helsinki, Tapanila, Kotinummentie 66",http://www.vuokraovi.com//vuokra-asunto/helsinki/tapanila/rivitalo/4h/186082,60.2667836,25.0149295,Agency info missing,None,None
186184,"kerrostalo, 46 m2 | 2h + k",1190.0,"Helsinki, Etu-Toolo, Etelainen Hesperiankatu 28 C",http://www.vuokraovi.com//vuokra-asunto/helsinki/etu-toolo/kerrostalo/kaksio/186184,60.1762483,24.9212408,Vuokraturva Oy LKV [A],None,None
186188,"kerrostalo, 34 m2 | 1h + kk + kph + lasitettu p",740.0,"Espoo, Tapiola, Itatuulenkuja 1 B",http://www.vuokraovi.com//vuokra-asunto/espoo/tapiola/kerrostalo/yksio/186188,60.1738671,24.8031969,Vuokraturva Oy LKV [A],None,None
186189,"kerrostalo, 59 m2 | 2h + avok + kph + s + lasitett",1190.0,"Helsinki, Lauttasaari, Vattuniemenkuja 3 A",http://www.vuokraovi.com//vuokra-asunto/helsinki/lauttasaari/kerrostalo/kaksio/186189,60.1538888,24.8858381,Vuokraturva Oy LKV [A],None,None
186191,"kerrostalo, 38 m2 | 2h + kk + kph + ranskalainen p",820.0,"Helsinki, Munkkivuori, Ulvilantie 19b A",http://www.vuokraovi.com//vuokra-asunto/helsinki/munkkivuori/kerrostalo/kaksio/186191,60.208015,24.864353,Vuokraturva Oy LKV [A],None,None
186178,"kerrostalo, 53, 5 m2 | 2h, k, lasitettu parveke",916.0,"Helsinki, Konala, Ristipellontie 6",http://www.vuokraovi.com//vuokra-asunto/helsinki/konala/kerrostalo/kaksio/186178,60.2386042,24.8519191,Paakaupunkiseutu Suuromistajien vuokra-asunnot,None,None
186180,"kerrostalo, 72, 5 m2 | 3h, k, s, lasitettu parveke",1218.0,"Espoo, Suurpelto, Piilipuuntie 17",http://www.vuokraovi.com//vuokra-asunto/espoo/suurpelto/kerrostalo/kolmio/186180,60.1874631,24.7393415,Paakaupunkiseutu Suuromistajien vuokra-asunnot,None,None
186181,"kerrostalo, 62 m2 | 3h, kk",1064.0,"Espoo, Suurpelto, Piilipuuntie 17",http://www.vuokraovi.com//vuokra-asunto/espoo/suurpelto/kerrostalo/kolmio/186181,60.1874631,24.7393415,Paakaupunkiseutu Suuromistajien vuokra-asunnot,None,None
186172,"kerrostalo, 72 m2 | 3 h + k + parveke",880.0,"Espoo, Matinkyla, Matinraitti 9 F",http://www.vuokraovi.com//vuokra-asunto/espoo/matinkyla/kerrostalo/kolmio/186172,60.15783579999999,24.7465786,Asuntoverstas Hallinnointi ja vuokraus Oy,None,None
186164,"erillistalo, 264 m2 | VILLA; 8r, kitchen, sauna, balcony, GARAGE",4900.0,"Espoo, Koukkuniemi, Koukkuniemenkuja 1",http://www.vuokraovi.com//vuokra-asunto/espoo/koukkuniemi/erillistalo/5h+/186164,60.15346580000001,24.7643953,Celine Oy Ab LKV AFM,None,None
186149,"kerrostalo, 47, 5 m2 | 2h, kt, s, lasitettu parveke",879.0,"Espoo, Suurpelto, Piilipuuntie 17",http://www.vuokraovi.com//vuokra-asunto/espoo/suurpelto/kerrostalo/kaksio/186149,60.1874631,24.7393415,Paakaupunkiseutu Suuromistajien vuokra-asunnot,None,None
186150,"kerrostalo, 45, 5 m2 | 2h, kt, s, lasitettu parveke",819.0,"Espoo, Suurpelto, Piilipuuntie 17",http://www.vuokraovi.com//vuokra-asunto/espoo/suurpelto/kerrostalo/kaksio/186150,60.1874631,24.7393415,Paakaupunkiseutu Suuromistajien vuokra-asunnot,None,None
186151,"kerrostalo, 52, 5 m2 | 2h, kk, s, lasitettu parveke",959.0,"Espoo, Suurpelto, Piilipuuntie 17",http://www.vuokraovi.com//vuokra-asunto/espoo/suurpelto/kerrostalo/kaksio/186151,60.1874631,24.7393415,Paakaupunkiseutu Suuromistajien vuokra-asunnot,None,None
186152,"kerrostalo, 53, 5 m2 | 3h, kt, lasitettu parveke",969.0,"Espoo, Suurpelto, Piilipuuntie 17",http://www.vuokraovi.com//vuokra-asunto/espoo/suurpelto/kerrostalo/kolmio/186152,60.1874631,24.7393415,Paakaupunkiseutu Suuromistajien vuokra-asunnot,None,None
186153,"kerrostalo, 55, 5 m2 | 2h, kk, s, lasitettu parveke",1010.0,"Espoo, Suurpelto, Piilipuuntie 17",http://www.vuokraovi.com//vuokra-asunto/espoo/suurpelto/kerrostalo/kaksio/186153,60.1874631,24.7393415,Paakaupunkiseutu Suuromistajien vuokra-asunnot,None,None
186155,"kerrostalo, 54 m2 | 2h, kk, s, lasitettu parveke",998.0,"Espoo, Suurpelto, Piilipuuntie 17",http://www.vuokraovi.com//vuokra-asunto/espoo/suurpelto/kerrostalo/kaksio/186155,60.1874631,24.7393415,Paakaupunkiseutu Suuromistajien vuokra-asunnot,None,None
186156,"kerrostalo, 51, 5 m2 | 2h, kt, s, lasitettu parveke",969.0,"Espoo, Suurpelto, Piilipuuntie 17",http://www.vuokraovi.com//vuokra-asunto/espoo/suurpelto/kerrostalo/kaksio/186156,60.1874631,24.7393415,Paakaupunkiseutu Suuromistajien vuokra-asunnot,None,None
186146,"kerrostalo, 28, 5 m2 | 1h, kk, kph",750.0,"Helsinki, Lauttasaari, Katajaharjuntie 19 B",http://www.vuokraovi.com//vuokra-asunto/helsinki/lauttasaari/kerrostalo/yksio/186146,60.1675027,24.857637,Kiinteistotoimisto Takio LKV [A],None,None
186147,"kerrostalo, 56 m2 | 2 h, k, saunaosasto, parveke",850.0,"Espoo, Matinkyla, Piispanpelto 10 A",http://www.vuokraovi.com//vuokra-asunto/espoo/matinkyla/kerrostalo/kaksio/186147,60.1661368,24.7393496,Kiinteistotoimisto Takio LKV [A],None,None
186139,"kerrostalo, 50, 5 m2 | 2h + kk + kph + lasitettu p",750.0,"Helsinki, Malminkartano, Rukkilantie 2 E",http://www.vuokraovi.com//vuokra-asunto/helsinki/malminkartano/kerrostalo/kaksio/186139,60.2517088,24.8654902,Vuokraturva Oy LKV [A],None,None
186140,"kerrostalo, 46 m2 | 2h + kk + kph",940.0,"Helsinki, Kamppi, Uudenmaankatu 31 D",http://www.vuokraovi.com//vuokra-asunto/helsinki/kamppi/kerrostalo/kaksio/186140,60.16319470000001,24.9367273,Vuokraturva Oy LKV [A],None,None
186135,"kerrostalo, 37, 5 m2 | 1h, kt, s, lasitettu parveke",769.0,"Espoo, Suurpelto, Piilipuuntie 17",http://www.vuokraovi.com//vuokra-asunto/espoo/suurpelto/kerrostalo/yksio/186135,60.1874631,24.7393415,Paakaupunkiseutu Suuromistajien vuokra-asunnot,None,None
186129,"kerrostalo, 29 m2 | 1h + avok + kph + alkovi",820.0,"Helsinki, Punavuori, Punavuorenkatu 15 A",http://www.vuokraovi.com//vuokra-asunto/helsinki/punavuori/kerrostalo/yksio/186129,60.16049169999999,24.9356415,Vuokraturva Oy LKV [A],None,None
186130,"kerrostalo, 29, 6 m2 | 1h + kk + kph + vh + ranskalai",720.0,"Helsinki, Munkkiniemi, Laajalahdentie 28 C",http://www.vuokraovi.com//vuokra-asunto/helsinki/munkkiniemi/kerrostalo/yksio/186130,60.2002685,24.8769557,Vuokraturva Oy LKV [A],None,None
186099,"rivitalo, 92, 5 m2 | 4H+K+S",1470.0,"Espoo, Iivisniemi, Arttelikuja 1",http://www.vuokraovi.com//vuokra-asunto/espoo/iivisniemi/rivitalo/4h/186099,60.1457643,24.7036174,Asokodit,None,None
186100,"erillistalo, 107, 5 m2 | 5H+K+S",1650.0,"Espoo, Malminmaki, Malminmaentie 5",http://www.vuokraovi.com//vuokra-asunto/espoo/malminmaki/erillistalo/5h+/186100,60.1811079,24.6839356,Asokodit,None,None
186083,"rivitalo, 156 m2 | 5h, th, k, rt, 2xkh, wc, at",2450.0,"Espoo, Haukilahti, Lahnatie 7",http://www.vuokraovi.com//vuokra-asunto/espoo/haukilahti/rivitalo/5h+/186083,60.16418669999999,24.7667875,Paakaupunkiseutu Yksityisomistajien vuokra-asunnot,None,None
186068,"kerrostalo, 78 m2 | 3H+K",1814.0,"Helsinki, Katajanokka, Linnankatu 11",http://www.vuokraovi.com//vuokra-asunto/helsinki/katajanokka/kerrostalo/kolmio/186068,60.1654332,24.9708428,Lumo / VVO-kotikeskus PKS,None,None
186069,"rivitalo, 115 m2 | 5H+K+S",2414.0,"Helsinki, Lehtisaari, Lehtisaarentie 14",http://www.vuokraovi.com//vuokra-asunto/helsinki/lehtisaari/rivitalo/5h+/186069,60.1773462,24.8535154,Lumo / VVO-kotikeskus PKS,None,None
186035,"kerrostalo, 62 m2 | 2h+k",981.0,"Espoo, Laajalahti, Heinjoenpolku 2 K-O",http://www.vuokraovi.com//vuokra-asunto/espoo/laajalahti/kerrostalo/kaksio/186035,60.2035545,24.802476,SATO Vuokraus ja myynti / Helsinki,None,None
186039,"kerrostalo, 77 m2 | 3h+k+s",1231.0,"Espoo, Leppavaara, Perkkaankuja 3",http://www.vuokraovi.com//vuokra-asunto/espoo/leppavaara/kerrostalo/kolmio/186039,60.2166728,24.8235791,SATO Vuokraus ja myynti / Helsinki,None,None
186021,"kerrostalo, 77 m2 | 3h, ak, kph, wc",2072.0,"Helsinki, Kasityolaisentie 4-10",http://www.vuokraovi.com//vuokra-asunto/helsinki/kerrostalo/kolmio/186021,60.2732085,25.033676,Majoituspalvelu Forenom Oy,None,None
186022,"kerrostalo, 78 m2 | 3h, k, kph, wc",2077.0,"Helsinki, Risupadontie 6",http://www.vuokraovi.com//vuokra-asunto/helsinki/kerrostalo/kolmio/186022,60.2332527,24.9464955,Majoituspalvelu Forenom Oy,None,None
186023,"kerrostalo, 78 m2 | 3h, k, kph, wc, p",2330.0,"Espoo, Soukka, Soukantie 14",http://www.vuokraovi.com//vuokra-asunto/espoo/soukka/kerrostalo/kolmio/186023,60.14138149999999,24.6711663,Majoituspalvelu Forenom Oy,None,None
186026,"kerrostalo, 72 m2 | 3h, kk, wc",2274.0,"Helsinki, Luutnantintie 3",http://www.vuokraovi.com//vuokra-asunto/helsinki/kerrostalo/kolmio/186026,60.248621,24.8646033,Majoituspalvelu Forenom Oy,None,None
185998,"kerrostalo, 146 m2 | FURNISHED/Unfurnished 5r, kitchen, dining room",4250.0,"Helsinki, Kluuvi, Vuorikatu 8 B",http://www.vuokraovi.com//vuokra-asunto/helsinki/kluuvi/kerrostalo/5h+/185998,60.1706243,24.947406,Celine Oy Ab LKV AFM,None,None
186003,"omakotitalo, 185 m2 | 5h+k+s+uima-allas",2300.0,"Helsinki, Marjaniemi, Marjaniementie 32 A",http://www.vuokraovi.com//vuokra-asunto/helsinki/marjaniemi/omakotitalo/5h+/186003,60.2034439,25.0859685,Huom! | Suomen Asuntopalvelut Oy,None,None
185995,"kerrostalo, 60 m2 | 3h, k, kh, parveke",1100.0,"Espoo, Lahderanta, Lahderanta 22",http://www.vuokraovi.com//vuokra-asunto/espoo/lahderanta/kerrostalo/kolmio/185995,60.2416358,24.7425319,Paakaupunkiseutu Yksityisomistajien vuokra-asunnot,None,None
185923,"kerrostalo, 72, 5 m2 | 3H+KT",1640.0,"Helsinki, Kalasatama, Capellan puistotie 4",http://www.vuokraovi.com//vuokra-asunto/helsinki/kalasatama/kerrostalo/kolmio/185923,60.1842406,24.982403,Lumo / VVO-kotikeskus PKS,None,None
185924,"kerrostalo, 55, 5 m2 | 1H+K",1307.0,"Helsinki, Kalasatama, Capellan puistotie 4",http://www.vuokraovi.com//vuokra-asunto/helsinki/kalasatama/kerrostalo/yksio/185924,60.1842406,24.982403,Lumo / VVO-kotikeskus PKS,None,None
185927,"kerrostalo, 51, 5 m2 | 2H+KT+S",1351.0,"Helsinki, Kalasatama, Capellan puistotie 4",http://www.vuokraovi.com//vuokra-asunto/helsinki/kalasatama/kerrostalo/kaksio/185927,60.1842406,24.982403,Lumo / VVO-kotikeskus PKS,None,None
185928,"kerrostalo, 47 m2 | 2H+KT",1257.0,"Helsinki, Kalasatama, Capellan puistotie 4",http://www.vuokraovi.com//vuokra-asunto/helsinki/kalasatama/kerrostalo/kaksio/185928,60.1842406,24.982403,Lumo / VVO-kotikeskus PKS,None,None
185929,"kerrostalo, 52, 5 m2 | 2H+KT",1301.0,"Helsinki, Kalasatama, Capellan puistotie 4",http://www.vuokraovi.com//vuokra-asunto/helsinki/kalasatama/kerrostalo/kaksio/185929,60.1842406,24.982403,Lumo / VVO-kotikeskus PKS,None,None
185930,"kerrostalo, 64, 5 m2 | 3H+KK+RT",1549.0,"Helsinki, Kalasatama, Capellan puistotie 4",http://www.vuokraovi.com//vuokra-asunto/helsinki/kalasatama/kerrostalo/kolmio/185930,60.1842406,24.982403,Lumo / VVO-kotikeskus PKS,None,None
185931,"kerrostalo, 51, 5 m2 | 2H+KT+S",1363.0,"Helsinki, Kalasatama, Capellan puistotie 4",http://www.vuokraovi.com//vuokra-asunto/helsinki/kalasatama/kerrostalo/kaksio/185931,60.1842406,24.982403,Lumo / VVO-kotikeskus PKS,None,None
185932,"kerrostalo, 47 m2 | 2H+KT",1275.0,"Helsinki, Kalasatama, Capellan puistotie 4",http://www.vuokraovi.com//vuokra-asunto/helsinki/kalasatama/kerrostalo/kaksio/185932,60.1842406,24.982403,Lumo / VVO-kotikeskus PKS,None,None
185933,"kerrostalo, 52, 5 m2 | 2H+KT",1320.0,"Helsinki, Kalasatama, Capellan puistotie 4",http://www.vuokraovi.com//vuokra-asunto/helsinki/kalasatama/kerrostalo/kaksio/185933,60.1842406,24.982403,Lumo / VVO-kotikeskus PKS,None,None
185934,"kerrostalo, 64, 5 m2 | 3H+KK+RT",1564.0,"Helsinki, Kalasatama, Capellan puistotie 4",http://www.vuokraovi.com//vuokra-asunto/helsinki/kalasatama/kerrostalo/kolmio/185934,60.1842406,24.982403,Lumo / VVO-kotikeskus PKS,None,None
185935,"kerrostalo, 51, 5 m2 | 2H+KT+S",1376.0,"Helsinki, Kalasatama, Capellan puistotie 4",http://www.vuokraovi.com//vuokra-asunto/helsinki/kalasatama/kerrostalo/kaksio/185935,60.1842406,24.982403,Lumo / VVO-kotikeskus PKS,None,None
185936,"kerrostalo, 47 m2 | 2H+KT",1281.0,"Helsinki, Kalasatama, Capellan puistotie 4",http://www.vuokraovi.com//vuokra-asunto/helsinki/kalasatama/kerrostalo/kaksio/185936,60.1842406,24.982403,Lumo / VVO-kotikeskus PKS,None,None
185937,"kerrostalo, 52, 5 m2 | 2H+KT",1326.0,"Helsinki, Kalasatama, Capellan puistotie 4",http://www.vuokraovi.com//vuokra-asunto/helsinki/kalasatama/kerrostalo/kaksio/185937,60.1842406,24.982403,Lumo / VVO-kotikeskus PKS,None,None
185938,"kerrostalo, 64, 5 m2 | 3H+KK+RT",1579.0,"Helsinki, Kalasatama, Capellan puistotie 4",http://www.vuokraovi.com//vuokra-asunto/helsinki/kalasatama/kerrostalo/kolmio/185938,60.1842406,24.982403,Lumo / VVO-kotikeskus PKS,None,None
185939,"kerrostalo, 51, 5 m2 | 2H+KT+S",1389.0,"Helsinki, Kalasatama, Capellan puistotie 4",http://www.vuokraovi.com//vuokra-asunto/helsinki/kalasatama/kerrostalo/kaksio/185939,60.1842406,24.982403,Lumo / VVO-kotikeskus PKS,None,None
185941,"kerrostalo, 52, 5 m2 | 2H+KT",1345.0,"Helsinki, Kalasatama, Capellan puistotie 4",http://www.vuokraovi.com//vuokra-asunto/helsinki/kalasatama/kerrostalo/kaksio/185941,60.1842406,24.982403,Lumo / VVO-kotikeskus PKS,None,None
185942,"kerrostalo, 64, 5 m2 | 3H+KK+RT",1608.0,"Helsinki, Kalasatama, Capellan puistotie 4",http://www.vuokraovi.com//vuokra-asunto/helsinki/kalasatama/kerrostalo/kolmio/185942,60.1842406,24.982403,Lumo / VVO-kotikeskus PKS,None,None
185943,"kerrostalo, 40 m2 | 1H+KT",1200.0,"Helsinki, Kalasatama, Capellan puistotie 4",http://www.vuokraovi.com//vuokra-asunto/helsinki/kalasatama/kerrostalo/yksio/185943,60.1842406,24.982403,Lumo / VVO-kotikeskus PKS,None,None
185944,"kerrostalo, 38, 5 m2 | 1H+KK",1200.0,"Helsinki, Kalasatama, Capellan puistotie 4",http://www.vuokraovi.com//vuokra-asunto/helsinki/kalasatama/kerrostalo/yksio/185944,60.1842406,24.982403,Lumo / VVO-kotikeskus PKS,None,None
185945,"kerrostalo, 74 m2 | 3H+KT",1640.0,"Helsinki, Kalasatama, Capellan puistotie 4",http://www.vuokraovi.com//vuokra-asunto/helsinki/kalasatama/kerrostalo/kolmio/185945,60.1842406,24.982403,Lumo / VVO-kotikeskus PKS,None,None
185946,"kerrostalo, 81 m2 | 3H+KK+S+RT",1830.0,"Helsinki, Kalasatama, Capellan puistotie 4",http://www.vuokraovi.com//vuokra-asunto/helsinki/kalasatama/kerrostalo/kolmio/185946,60.1842406,24.982403,Lumo / VVO-kotikeskus PKS,None,None
185947,"kerrostalo, 54 m2 | 1H+KT",1297.0,"Helsinki, Kalasatama, Capellan puistotie 4",http://www.vuokraovi.com//vuokra-asunto/helsinki/kalasatama/kerrostalo/yksio/185947,60.1842406,24.982403,Lumo / VVO-kotikeskus PKS,None,None
185948,"kerrostalo, 77 m2 | 3H+KK+S+RT",1739.0,"Helsinki, Kalasatama, Capellan puistotie 4",http://www.vuokraovi.com//vuokra-asunto/helsinki/kalasatama/kerrostalo/kolmio/185948,60.1842406,24.982403,Lumo / VVO-kotikeskus PKS,None,None
185950,"kerrostalo, 48 m2 | 2H+KT",1247.0,"Helsinki, Kalasatama, Capellan puistotie 4",http://www.vuokraovi.com//vuokra-asunto/helsinki/kalasatama/kerrostalo/kaksio/185950,60.1842406,24.982403,Lumo / VVO-kotikeskus PKS,None,None
185951,"kerrostalo, 54 m2 | 2H+KT",1325.0,"Helsinki, Kalasatama, Capellan puistotie 4",http://www.vuokraovi.com//vuokra-asunto/helsinki/kalasatama/kerrostalo/kaksio/185951,60.1842406,24.982403,Lumo / VVO-kotikeskus PKS,None,None
185952,"kerrostalo, 77 m2 | 3H+KK+S",1755.0,"Helsinki, Kalasatama, Capellan puistotie 4",http://www.vuokraovi.com//vuokra-asunto/helsinki/kalasatama/kerrostalo/kolmio/185952,60.1842406,24.982403,Lumo / VVO-kotikeskus PKS,None,None
185954,"kerrostalo, 48 m2 | 2H+KT",1260.0,"Helsinki, Kalasatama, Capellan puistotie 4",http://www.vuokraovi.com//vuokra-asunto/helsinki/kalasatama/kerrostalo/kaksio/185954,60.1842406,24.982403,Lumo / VVO-kotikeskus PKS,None,None
185955,"kerrostalo, 54 m2 | 2H+KT",1338.0,"Helsinki, Kalasatama, Capellan puistotie 4",http://www.vuokraovi.com//vuokra-asunto/helsinki/kalasatama/kerrostalo/kaksio/185955,60.1842406,24.982403,Lumo / VVO-kotikeskus PKS,None,None
185956,"kerrostalo, 77 m2 | 3H+KK+S+RT",1772.0,"Helsinki, Kalasatama, Capellan puistotie 4",http://www.vuokraovi.com//vuokra-asunto/helsinki/kalasatama/kerrostalo/kolmio/185956,60.1842406,24.982403,Lumo / VVO-kotikeskus PKS,None,None
185958,"kerrostalo, 54 m2 | 2H+KT",1351.0,"Helsinki, Kalasatama, Capellan puistotie 4",http://www.vuokraovi.com//vuokra-asunto/helsinki/kalasatama/kerrostalo/kaksio/185958,60.1842406,24.982403,Lumo / VVO-kotikeskus PKS,None,None
185959,"kerrostalo, 77 m2 | 3H+KK+S+RT",1788.0,"Helsinki, Kalasatama, Capellan puistotie 4",http://www.vuokraovi.com//vuokra-asunto/helsinki/kalasatama/kerrostalo/kolmio/185959,60.1842406,24.982403,Lumo / VVO-kotikeskus PKS,None,None
185961,"kerrostalo, 48 m2 | 2H+KT",1284.0,"Helsinki, Kalasatama, Capellan puistotie 4",http://www.vuokraovi.com//vuokra-asunto/helsinki/kalasatama/kerrostalo/kaksio/185961,60.1842406,24.982403,Lumo / VVO-kotikeskus PKS,None,None
185962,"kerrostalo, 54 m2 | 2H+KT",1364.0,"Helsinki, Kalasatama, Capellan puistotie 4",http://www.vuokraovi.com//vuokra-asunto/helsinki/kalasatama/kerrostalo/kaksio/185962,60.1842406,24.982403,Lumo / VVO-kotikeskus PKS,None,None
185963,"kerrostalo, 77 m2 | 3H+KK+S+RT",1804.0,"Helsinki, Kalasatama, Capellan puistotie 4",http://www.vuokraovi.com//vuokra-asunto/helsinki/kalasatama/kerrostalo/kolmio/185963,60.1842406,24.982403,Lumo / VVO-kotikeskus PKS,None,None
185964,"kerrostalo, 65, 5 m2 | 3H+KT+S",1653.0,"Helsinki, Kalasatama, Capellan puistotie 4",http://www.vuokraovi.com//vuokra-asunto/helsinki/kalasatama/kerrostalo/kolmio/185964,60.1842406,24.982403,Lumo / VVO-kotikeskus PKS,None,None
185908,"kerrostalo, 57, 5 m2 | 2h+k+s+parv",868.29,"Espoo, Ymmersta, Ullantorpantie 8 A",http://www.vuokraovi.com//vuokra-asunto/espoo/ymmersta/kerrostalo/kaksio/185908,60.20465910000001,24.7055545,Asuntosaatio,None,None
185906,"kerrostalo, 129 m2 | Unfurnished 3r, SAUNA",2800.0,"Helsinki, Kamppi, Kalevankatu 40 A",http://www.vuokraovi.com//vuokra-asunto/helsinki/kamppi/kerrostalo/kolmio/185906,60.164753,24.9309354,Celine Oy Ab LKV AFM,None,None
185839,"omakotitalo, 130 m2 | VILLA; 5r, s, fireplace, terrace, YARD",1950.0,"Espoo, Noykkio, Metsatie 17",http://www.vuokraovi.com//vuokra-asunto/espoo/noykkio/omakotitalo/5h+/185839,60.1579054,24.6721172,Celine Oy Ab LKV AFM,None,None
185878,"kerrostalo, 60 m2 | 2 h, s, avokeittio, parveke",1350.0,"Helsinki, Lauttasaari, Italahdenkatu 2",http://www.vuokraovi.com//vuokra-asunto/helsinki/lauttasaari/kerrostalo/kaksio/185878,60.14756130000001,24.8823119,Agency info missing,None,None
185871,"kerrostalo, 86 m2 | 4H+KT+S",1520.47,"Helsinki, Viikki, Viikinportti 2",http://www.vuokraovi.com//vuokra-asunto/helsinki/viikki/kerrostalo/4h/185871,60.2265964,25.008537,Ovenia Isannointi Oy,None,None
185859,"kerrostalo, 48 m2 | 2 h, kt",1060.0,"Helsinki, Sornainen, Paaskylanrinne 8 A",http://www.vuokraovi.com//vuokra-asunto/helsinki/sornainen/kerrostalo/kaksio/185859,60.1881862,24.9666316,Suomen Laatuasunnot Oy,None,None
185833,"kerrostalo, 62 m2 | 2h + avok + kph",1350.0,"Helsinki, Etu-Toolo, Freesenkatu 3A",http://www.vuokraovi.com//vuokra-asunto/helsinki/etu-toolo/kerrostalo/kaksio/185833,60.1721193,24.928636,Vuokraturva Oy LKV [A],None,None
185829,"kerrostalo, 58, 5 m2 | 2H+K",905.0,"Espoo, Kivenlahti, Jalkimaininki 4",http://www.vuokraovi.com//vuokra-asunto/espoo/kivenlahti/kerrostalo/kaksio/185829,60.1540942,24.6440628,Lumo / VVO-kotikeskus PKS,None,None
185814,"kerrostalo, 33, 5 m2 | 1h + kk + kph",575.0,"Espoo, Suvela, Sokinvuorenrinne 4 A",http://www.vuokraovi.com//vuokra-asunto/espoo/suvela/kerrostalo/yksio/185814,60.2004173,24.6680631,Vuokraturva Oy LKV [A],None,None
185815,"kerrostalo, 31 m2 | 1h + kk + kph + p",595.0,"Espoo, Viherlaakso, Kievarinraitti 2 B",http://www.vuokraovi.com//vuokra-asunto/espoo/viherlaakso/kerrostalo/yksio/185815,60.2290062,24.7420301,Vuokraturva Oy LKV [A],None,None
185809,"paritalo, 94 m2 | 4h, k s, p",1600.0,"Espoo, Hannusjarvi, Katajatie 15",http://www.vuokraovi.com//vuokra-asunto/espoo/hannusjarvi/paritalo/4h/185809,60.1484215,24.6696311,24 Housing Oy Espoo,None,None
185799,"kerrostalo, 49 m2 | 2H+K",852.0,"Helsinki, Pajamaki, Poutamaentie 7",http://www.vuokraovi.com//vuokra-asunto/helsinki/pajamaki/kerrostalo/kaksio/185799,60.21762210000001,24.8558245,Lumo / VVO-kotikeskus PKS,None,None
185772,"kerrostalo, 81 m2 | 3H+K+S",2085.67,"Helsinki, Lauttasaari, Vattuniemenkuja 8",http://www.vuokraovi.com//vuokra-asunto/helsinki/lauttasaari/kerrostalo/kolmio/185772,60.1533252,24.8822535,Ovenia Isannointi Oy,None,None
185773,"kerrostalo, 47 m2 | 2H+KT",1098.03,"Helsinki, Lauttasaari, Vattuniemenkuja 8",http://www.vuokraovi.com//vuokra-asunto/helsinki/lauttasaari/kerrostalo/kaksio/185773,60.1533252,24.8822535,Ovenia Isannointi Oy,None,None
184796,"kerrostalo, 31, 7 m2 | 1h+kk+vh+kh",790.0,"Helsinki, Munkkivuori, Porintie 9",http://www.vuokraovi.com//vuokra-asunto/helsinki/munkkivuori/kerrostalo/yksio/184796,60.2045566,24.8676564,Agency info missing,None,None
185713,"kerrostalo, 51, 5 m2 | 2h+k",788.0,"Espoo, Tapiola, Elosalamantie 4",http://www.vuokraovi.com//vuokra-asunto/espoo/tapiola/kerrostalo/kaksio/185713,60.17110719999999,24.808116,SATO Vuokraus ja myynti / Helsinki,None,None
185715,"kerrostalo, 52 m2 | 2h+k",965.0,"Helsinki, Herttoniemi, Hiihtomaentie 44",http://www.vuokraovi.com//vuokra-asunto/helsinki/herttoniemi/kerrostalo/kaksio/185715,60.2062311,25.0342865,SATO Vuokraus ja myynti / Helsinki,None,None
185711,"kerrostalo, 48 m2 | 2h+kk+sauna+parveke",999.0,"Helsinki, Etela-Haaga, Vanha Viertotie 9",http://www.vuokraovi.com//vuokra-asunto/helsinki/etela-haaga/kerrostalo/kaksio/185711,60.2105514,24.8860446,Ovenia (co. Keskinainen Elakevakuutusyhtio Ilmarinen),None,None
185700,"kerrostalo, 78 m2 | 3h, k, kph, s, p",1920.0,"Espoo, Eestinlaakso, Eestintaival 3",http://www.vuokraovi.com//vuokra-asunto/espoo/eestinlaakso/kerrostalo/kolmio/185700,60.16971539999999,24.6751341,Majoituspalvelu Forenom Oy,None,None
185692,"kerrostalo, 52 m2 | 2h + k + kph + vh + lasitettu",820.0,"Helsinki, Kallio, Vaasankatu 16 B",http://www.vuokraovi.com//vuokra-asunto/helsinki/kallio/kerrostalo/kaksio/185692,60.1882654,24.9549816,Vuokraturva Oy LKV [A],None,None
185691,"kerrostalo, 45, 5 m2 | 2h, k, kph, lasitettu parveke",1000.0,"Helsinki, Kallio, Vilhonvuorenkuja 4",http://www.vuokraovi.com//vuokra-asunto/helsinki/kallio/kerrostalo/kaksio/185691,60.1863043,24.962607,"Kiinteistomaailma | Helsingin Ykkoskiinteistot Oy, Malmi",None,None
185678,"kerrostalo, 31 m2 | 1H+AVOK",760.0,"Helsinki, Rastila, Retkeilijankatu 3 A",http://www.vuokraovi.com//vuokra-asunto/helsinki/rastila/kerrostalo/yksio/185678,60.20592319999999,25.1204993,Newsec Asset Management  Oy,None,None
185679,"kerrostalo, 31 m2 | 1H+AVOK",770.0,"Helsinki, Rastila, Retkeilijankatu 5 A",http://www.vuokraovi.com//vuokra-asunto/helsinki/rastila/kerrostalo/yksio/185679,60.2058997,25.1208972,Newsec Asset Management  Oy,None,None
185680,"kerrostalo, 31 m2 | 1H+AVOK",780.0,"Helsinki, Rastila, Retkeilijankatu 5 A",http://www.vuokraovi.com//vuokra-asunto/helsinki/rastila/kerrostalo/yksio/185680,60.2058997,25.1208972,Newsec Asset Management  Oy,None,None
185681,"kerrostalo, 31 m2 | 1H+AVOK",750.0,"Helsinki, Rastila, Retkeilijankatu 7 A",http://www.vuokraovi.com//vuokra-asunto/helsinki/rastila/kerrostalo/yksio/185681,60.205602,25.12218,Newsec Asset Management  Oy,None,None
185682,"kerrostalo, 31 m2 | 1H+AVOK",750.0,"Helsinki, Rastila, Retkeilijankatu 7 A",http://www.vuokraovi.com//vuokra-asunto/helsinki/rastila/kerrostalo/yksio/185682,60.205602,25.12218,Newsec Asset Management  Oy,None,None
185671,"kerrostalo, 59 m2 | 2 h + kt + s + terassi",980.0,"Espoo, Matinkyla, Etuniementie 1 C",http://www.vuokraovi.com//vuokra-asunto/espoo/matinkyla/kerrostalo/kaksio/185671,60.1604542,24.7244342,Asuntoverstas Hallinnointi ja vuokraus Oy,None,None
185672,"kerrostalo, 34 m2 | 1 h + kt + lasitettu parveke",760.0,"Espoo, Matinkyla, Etuniementie 1 C",http://www.vuokraovi.com//vuokra-asunto/espoo/matinkyla/kerrostalo/yksio/185672,60.1604542,24.7244342,Asuntoverstas Hallinnointi ja vuokraus Oy,None,None
185673,"kerrostalo, 65 m2 | 2 h + kt + lasitettu parveke",1140.0,"Espoo, Matinkyla, Etuniementie 1 C",http://www.vuokraovi.com//vuokra-asunto/espoo/matinkyla/kerrostalo/kaksio/185673,60.1604542,24.7244342,Asuntoverstas Hallinnointi ja vuokraus Oy,None,None
185674,"kerrostalo, 78, 5 m2 | 3 h + kt + s + lasitettu parve",1320.0,"Espoo, Matinkyla, Etuniementie 1 D",http://www.vuokraovi.com//vuokra-asunto/espoo/matinkyla/kerrostalo/kolmio/185674,60.1604542,24.7244342,Asuntoverstas Hallinnointi ja vuokraus Oy,None,None
185675,"kerrostalo, 71 m2 | 3 h + kt + s + terassi",1230.0,"Espoo, Matinkyla, Etuniementie 1 E",http://www.vuokraovi.com//vuokra-asunto/espoo/matinkyla/kerrostalo/kolmio/185675,60.1604542,24.7244342,Asuntoverstas Hallinnointi ja vuokraus Oy,None,None
185676,"kerrostalo, 108 m2 | 4 h + kt + vh + s + lasitettu",1550.0,"Espoo, Matinkyla, Etuniementie 1 E",http://www.vuokraovi.com//vuokra-asunto/espoo/matinkyla/kerrostalo/4h/185676,60.1604542,24.7244342,Asuntoverstas Hallinnointi ja vuokraus Oy,None,None
185669,"kerrostalo, 79 m2 | 3h+k+sauna+parveke",1416.0,"Helsinki, Etela-Haaga, Vanha Viertotie 9",http://www.vuokraovi.com//vuokra-asunto/helsinki/etela-haaga/kerrostalo/kolmio/185669,60.2105514,24.8860446,Ovenia (co. Keskinainen Elakevakuutusyhtio Ilmarinen),None,None
185651,"kerrostalo, 64 m2 | 2h+k",1430.0,"Helsinki, Kaivopuisto, Laivasillankatu 14 B",http://www.vuokraovi.com//vuokra-asunto/helsinki/kaivopuisto/kerrostalo/kaksio/185651,60.1606854,24.9556458,Ovenia,None,None
185645,"kerrostalo, 72 m2 | 3H+K",1017.0,"Espoo, Kivenlahti, Jalkimaininki 4",http://www.vuokraovi.com//vuokra-asunto/espoo/kivenlahti/kerrostalo/kolmio/185645,60.1540942,24.6440628,Lumo / VVO-kotikeskus PKS,None,None
185646,"kerrostalo, 73 m2 | 3H+K+S",1025.0,"Espoo, Matinkyla, Kala-Maija 3",http://www.vuokraovi.com//vuokra-asunto/espoo/matinkyla/kerrostalo/kolmio/185646,60.1591653,24.7407618,Lumo / VVO-kotikeskus PKS,None,None
185584,"kerrostalo, 73 m2 | 3h, k, kph, p",1250.0,"Helsinki, Mellunmaki, Kaunispaantie 3 I",http://www.vuokraovi.com//vuokra-asunto/helsinki/mellunmaki/kerrostalo/kolmio/185584,60.2330969,25.1281227,Habita Itakeskus / Helsingin Habita Oy,None,None
185572,"kerrostalo, 19 m2 | Kalustettu + 1hh",630.0,"Helsinki, Punavuori, Sinebrychoffinkatu 11 C",http://www.vuokraovi.com//vuokra-asunto/helsinki/punavuori/kerrostalo/yksio/185572,60.1622507,24.9343124,OVV Asuntopalvelut Oy,None,None
185543,"kerrostalo, 55, 5 m2 | 2h+k+parveke",939.0,"Helsinki, Kannelmaki, Hanuripolku 6",http://www.vuokraovi.com//vuokra-asunto/helsinki/kannelmaki/kerrostalo/kaksio/185543,60.2389869,24.88358,Ovenia (co. Keskinainen Elakevakuutusyhtio Ilmarinen),None,None
185499,"kerrostalo, 40, 5 m2 | 1h+alk+kk+s+parv",861.97,"Helsinki, Aurinkolahti, Aurinkotuulenkatu 14",http://www.vuokraovi.com//vuokra-asunto/helsinki/aurinkolahti/kerrostalo/yksio/185499,60.2050945,25.1580512,Asuntosaatio,None,None
185492,"kerrostalo, 73, 5 m2 | 3h, k, sauna, lasitettu parvek",1196.0,"Espoo, Matinkyla, Nelikkotie 2",http://www.vuokraovi.com//vuokra-asunto/espoo/matinkyla/kerrostalo/kolmio/185492,60.1619585,24.7407391,Paakaupunkiseutu Suuromistajien vuokra-asunnot,None,None
185484,"kerrostalo, 82, 5 m2 | 3 h + kt + s + terassi",1350.0,"Espoo, Matinkyla, Etuniementie 1 C",http://www.vuokraovi.com//vuokra-asunto/espoo/matinkyla/kerrostalo/kolmio/185484,60.1604542,24.7244342,Asuntoverstas Hallinnointi ja vuokraus Oy,None,None
185392,"kerrostalo, 39 m2 | 1h, k, ransk.p",882.0,"Helsinki, Etela-Haaga, Ryytimaantie 1",http://www.vuokraovi.com//vuokra-asunto/helsinki/etela-haaga/kerrostalo/yksio/185392,60.2155751,24.9042814,Maxmani Oy,None,None
185109,"paritalo, 99 m2 | OH+2MH+AVOK+TH+S+KPH+P+Piha",1400.0,"Helsinki, Tapaninvainio, Siimakuja 2 B",http://www.vuokraovi.com//vuokra-asunto/helsinki/tapaninvainio/paritalo/4h/185109,60.25405739999999,24.9837254,Smartmove Oy,None,None
185476,"kerrostalo, 26 m2 | 1 h, kk, kh, alkovi",690.0,"Helsinki, Punavuori, Punavuorenkatu 11",http://www.vuokraovi.com//vuokra-asunto/helsinki/punavuori/kerrostalo/yksio/185476,60.1608508,24.9366871,Paakaupunkiseutu Yksityisomistajien vuokra-asunnot,None,None
185475,"kerrostalo, 106 m2 | 4h+kt+s",2120.0,"Helsinki, Kalasatama, Antareksenkatu 22 a",http://www.vuokraovi.com//vuokra-asunto/helsinki/kalasatama/kerrostalo/4h/185475,60.18507699999999,24.979499,Kiinteistomaailma | Kallion Kodit Oy LKV,None,None
185452,"rivitalo, 110 m2 | 5H+K+S",1583.0,"Espoo, Latokaski, Kaskihalme 1",http://www.vuokraovi.com//vuokra-asunto/espoo/latokaski/rivitalo/5h+/185452,60.17746119999999,24.6677776,AVAIN Asumisoikeus Oy,None,None
185439,"kerrostalo, 25 m2 | 1h",600.0,"Helsinki, Alppila, Porvoonkatu 27",http://www.vuokraovi.com//vuokra-asunto/helsinki/alppila/kerrostalo/yksio/185439,60.1916218,24.9437281,Agency info missing,None,None
185431,"kerrostalo, 40 m2 | 2h + avok",1150.0,"Helsinki, Meilahti, Pihlajatie 24 B 21",http://www.vuokraovi.com//vuokra-asunto/helsinki/meilahti/kerrostalo/kaksio/185431,60.1940076,24.9018526,Agency info missing,None,None
185414,"kerrostalo, 40, 5 m2 | 1h, avok, sauna, lasit.parveke",931.0,"Helsinki, Etela-Haaga, Vanha Viertotie 9",http://www.vuokraovi.com//vuokra-asunto/helsinki/etela-haaga/kerrostalo/yksio/185414,60.2105514,24.8860446,Ovenia (co. Keskinainen Elakevakuutusyhtio Ilmarinen),None,None
185399,"kerrostalo, 71 m2 | 3H+K",924.0,"Helsinki, Malminkartano, Koskustie 4",http://www.vuokraovi.com//vuokra-asunto/helsinki/malminkartano/kerrostalo/kolmio/185399,60.2530829,24.8552249,VVO-kotikeskus PKS,None,None
185393,"kerrostalo, 47, 5 m2 | 2h+kk",789.0,"Espoo, Laajalahti, Heinjoenpolku 2 A-J",http://www.vuokraovi.com//vuokra-asunto/espoo/laajalahti/kerrostalo/kaksio/185393,60.2035545,24.802476,SATO Vuokraus ja myynti / Helsinki,None,None
185394,"kerrostalo, 54, 5 m2 | 2h+k",1058.0,"Helsinki, Puotila, Juorumaenkuja 5",http://www.vuokraovi.com//vuokra-asunto/helsinki/puotila/kerrostalo/kaksio/185394,60.20894569999999,25.1037493,SATO Vuokraus ja myynti / Helsinki,None,None
185395,"kerrostalo, 66 m2 | 3h+k",1173.0,"Helsinki, Kumpula, Gadolininkatu 4",http://www.vuokraovi.com//vuokra-asunto/helsinki/kumpula/kerrostalo/kolmio/185395,60.2062687,24.9650102,Agency info missing,None,None
185396,"kerrostalo, 62 m2 | 2h+k",1052.0,"Helsinki, Ita-Pasila, Junailijankuja 10",http://www.vuokraovi.com//vuokra-asunto/helsinki/ita-pasila/kerrostalo/kaksio/185396,60.2003367,24.9364758,Agency info missing,None,None
185397,"kerrostalo, 57 m2 | 2h+k+s",1058.0,"Helsinki, Herttoniemi, Laivalahdenkaari 8",http://www.vuokraovi.com//vuokra-asunto/helsinki/herttoniemi/kerrostalo/kaksio/185397,60.1908559,25.0355264,SATO Vuokraus ja myynti / Helsinki,None,None
185343,"kerrostalo, 114 m2 | 5h, k",1435.0,"Espoo, Olari, Ylistorma 1",http://www.vuokraovi.com//vuokra-asunto/espoo/olari/kerrostalo/5h+/185343,60.17714669999999,24.7378181,Paakaupunkiseutu Suuromistajien vuokra-asunnot,None,None
185344,"kerrostalo, 51 m2 | 2h, kk, kh, s, p",1080.0,"Helsinki, Arabianranta, Muotoilijankatu 8",http://www.vuokraovi.com//vuokra-asunto/helsinki/arabianranta/kerrostalo/kaksio/185344,60.21040089999999,24.9781254,Paakaupunkiseutu Yksityisomistajien vuokra-asunnot,None,None
185326,"kerrostalo, 70 m2 | 3h, k, s, lasitettu parveke",1229.0,"Helsinki, Malmi, Katontekijankuja 1",http://www.vuokraovi.com//vuokra-asunto/helsinki/malmi/kerrostalo/kolmio/185326,60.2529315,25.0233022,Paakaupunkiseutu Suuromistajien vuokra-asunnot,None,None
185312,"kerrostalo, 39 m2 | 2h, kk, kph, p",900.0,"Helsinki, Lauttasaari, Lauttasaarentie 9 A",http://www.vuokraovi.com//vuokra-asunto/helsinki/lauttasaari/kerrostalo/kaksio/185312,60.161049,24.8880303,Kiinteistotoimisto Takio LKV [A],None,None
185293,"kerrostalo, 77 m2 | 3H+K",1113.0,"Espoo, Suvela, Kirstintie 30",http://www.vuokraovi.com//vuokra-asunto/espoo/suvela/kerrostalo/kolmio/185293,60.2050488,24.6734683,Lumo / VVO-kotikeskus PKS,None,None
185294,"kerrostalo, 65, 5 m2 | 3H+KK",1134.0,"Espoo, Suurpelto, Klariksentie 6",http://www.vuokraovi.com//vuokra-asunto/espoo/suurpelto/kerrostalo/kolmio/185294,60.18299630000001,24.7400748,Lumo / VVO-kotikeskus PKS,None,None
185288,"kerrostalo, 68, 5 m2 | 3h, kt, s, lasitettu parveke",1174.0,"Espoo, Kilo, Nihtitorpankuja 7",http://www.vuokraovi.com//vuokra-asunto/espoo/kilo/kerrostalo/kolmio/185288,60.2054911,24.6559001,Paakaupunkiseutu Suuromistajien vuokra-asunnot,None,None
185290,"kerrostalo, 66 m2 | 3h, k, s, lasitettu parveke",1230.0,"Espoo, Makkyla, Adjutantinkatu 3",http://www.vuokraovi.com//vuokra-asunto/espoo/makkyla/kerrostalo/kolmio/185290,60.22170629999999,24.8348804,Paakaupunkiseutu Suuromistajien vuokra-asunnot,None,None
185291,"kerrostalo, 62, 5 m2 | 2h, k, sauna, parveke",985.0,"Espoo, Leppavaara, Kiskottajankuja 2",http://www.vuokraovi.com//vuokra-asunto/espoo/leppavaara/kerrostalo/kaksio/185291,60.2299168,24.8140589,Paakaupunkiseutu Suuromistajien vuokra-asunnot,None,None
185279,"kerrostalo, 88 m2 | RESERVED 3r, balcony, PARKING",2350.0,"Helsinki, Ullanlinna, RESERVED Neitsytpolku 6 B",http://www.vuokraovi.com//vuokra-asunto/helsinki/ullanlinna/kerrostalo/kolmio/185279,60.17332440000001,24.9410248,Celine Oy Ab LKV AFM,None,None
185281,"kerrostalo, 66 m2 | 3h, k, kph, rt, eteishalli",1150.0,"Helsinki, Meilahti, Pihlajatie 38 A",http://www.vuokraovi.com//vuokra-asunto/helsinki/meilahti/kerrostalo/kolmio/185281,60.1953486,24.8992614,RE/MAX Casa Alto | Casa Alto Oy LKV,None,None
185275,"kerrostalo, 118, 38 m2 | 3h + avok + kph + wc + s + khh",1950.0,"Helsinki, Etu-Toolo, Caloniuksenkatu 8 A",http://www.vuokraovi.com//vuokra-asunto/helsinki/etu-toolo/kerrostalo/kolmio/185275,60.17480310000001,24.9210136,Vuokraturva Oy LKV [A],None,None
185276,"rivitalo, 148, 5 m2 | 4h + k + kph + 2 erillista wc:",1695.0,"Espoo, Haukilahti, Lohitie 17",http://www.vuokraovi.com//vuokra-asunto/espoo/haukilahti/rivitalo/4h/185276,60.1652307,24.7662158,Vuokraturva Oy LKV [A],None,None
185263,"kerrostalo, 68, 5 m2 | 3h, kt, s, lasitettu parveke",1111.0,"Espoo, Kilo, Nihtitorpankuja 7",http://www.vuokraovi.com//vuokra-asunto/espoo/kilo/kerrostalo/kolmio/185263,60.2054911,24.6559001,Paakaupunkiseutu Suuromistajien vuokra-asunnot,None,None
185266,"kerrostalo, 71 m2 | 3h, kt, s, terassi",1111.0,"Espoo, Kilo, Nihtitorpankuja 7",http://www.vuokraovi.com//vuokra-asunto/espoo/kilo/kerrostalo/kolmio/185266,60.2054911,24.6559001,Paakaupunkiseutu Suuromistajien vuokra-asunnot,None,None
185255,"paritalo, 266 m2 | 5h, k, khh, 2 kph, 2 wc, vh, s",3700.0,"Helsinki, Lehtisaari, Pyhan Laurin tie 5 B",http://www.vuokraovi.com//vuokra-asunto/helsinki/lehtisaari/paritalo/5h+/185255,60.180654,24.8570126,Senaatin Notariaatti Oy LKV,None,None
185245,"omakotitalo, 80 m2 | 2h + k + wc + s",950.0,"Espoo, Mankkaa, Eerontie 3",http://www.vuokraovi.com//vuokra-asunto/espoo/mankkaa/omakotitalo/kaksio/185245,60.19188570000001,24.7589285,OVV Asuntopalvelut Oy,None,None
185246,"kerrostalo, 82 m2 | 3H+K",1114.0,"Espoo, Kivenlahti, Kivenlahdenkatu 5",http://www.vuokraovi.com//vuokra-asunto/espoo/kivenlahti/kerrostalo/kolmio/185246,60.1547105,24.6312163,Lumo / VVO-kotikeskus PKS,None,None
185235,"kerrostalo, 49, 5 m2 | 2h, k, parveke",910.0,"Helsinki, Konala, Seltterikuja 5",http://www.vuokraovi.com//vuokra-asunto/helsinki/konala/kerrostalo/kaksio/185235,60.2377939,24.847991,Paakaupunkiseutu Suuromistajien vuokra-asunnot,None,None
185239,"kerrostalo, 66 m2 | 3h, k, kph, p",1100.0,"Espoo, Haukilahti, Kuhatienahde 3",http://www.vuokraovi.com//vuokra-asunto/espoo/haukilahti/kerrostalo/kolmio/185239,60.1656518,24.7715134,Paakaupunkiseutu Yksityisomistajien vuokra-asunnot,None,None
185232,"kerrostalo, 46, 2 m2 | 1-2h, avok, kph",900.0,"Helsinki, Kallio, Helsinginkatu 13 C",http://www.vuokraovi.com//vuokra-asunto/helsinki/kallio/kerrostalo/kaksio/185232,60.187302,24.9556994,Kiinteistotoimisto Takio LKV [A],None,None
185224,"kerrostalo, 53 m2 | 2h+k+p",1100.0,"Helsinki, Toolo, Toolonkatu 31",http://www.vuokraovi.com//vuokra-asunto/helsinki/toolo/kerrostalo/kaksio/185224,60.18107000000001,24.924049,Espoon Helvi Oy LKV,None,None
185208,"kerrostalo, 57, 5 m2 | RESERVED 2 rooms, Jacuzzi, balcony",1350.0,"Helsinki, Katajanokka, RESERVED Katajanokanranta 11 C",http://www.vuokraovi.com//vuokra-asunto/helsinki/katajanokka/kerrostalo/kaksio/185208,60.17332440000001,24.9410248,Celine Oy Ab LKV AFM,None,None
185204,"kerrostalo, 120 m2 | 4-5 huonetta avok kph wc 2x p",1900.0,"Helsinki, Lauttasaari, Otavantie 7 A",http://www.vuokraovi.com//vuokra-asunto/helsinki/lauttasaari/kerrostalo/5h+/185204,60.15917570000001,24.8799904,Kiinteistotoimisto Takio LKV [A],None,None
185205,"kerrostalo, 71, 5 m2 | 3 huonetta keittio kylpyhuone",1200.0,"Helsinki, Lauttasaari, Lokkikuja 1 A",http://www.vuokraovi.com//vuokra-asunto/helsinki/lauttasaari/kerrostalo/kolmio/185205,60.16064739999999,24.8597333,Kiinteistotoimisto Takio LKV [A],None,None
185164,"kerrostalo, 97, 5 m2 | FURNISHED 4r+kit+1.5ba+balc",2195.0,"Helsinki, Katajanokka, Katajanokanranta 7",http://www.vuokraovi.com//vuokra-asunto/helsinki/katajanokka/kerrostalo/4h/185164,60.1662672,24.9748696,Agency info missing,None,None
185144,"kerrostalo, 41 m2 | 2h+kk+kph",820.0,"Helsinki, Alppila, Viipurinkatu 9 A",http://www.vuokraovi.com//vuokra-asunto/helsinki/alppila/kerrostalo/kaksio/185144,60.19119490000001,24.9430845,RE/MAX Kiinteistonvalitys Hyvat Kodit Oy LKV,None,None
185140,"kerrostalo, 58 m2 | 2h, k, lasitettu parveke",989.0,"Espoo, Tapiola, Tietajantie 11",http://www.vuokraovi.com//vuokra-asunto/espoo/tapiola/kerrostalo/kaksio/185140,60.18736229999999,24.8035085,Agency info missing,None,None
185129,"erillistalo, 45 m2 | 1h+kn+vh+ph+ vpk+ sauna",680.0,"Helsinki, Lansi-Pakila, Valitalontie 38B",http://www.vuokraovi.com//vuokra-asunto/helsinki/lansi-pakila/erillistalo/yksio/185129,60.2466415,24.9347788,Agency info missing,None,None
185125,"kerrostalo, 46, 5 m2 | 2h, kk, s, parveke",822.0,"Espoo, Lintuvaarantie 21",http://www.vuokraovi.com//vuokra-asunto/espoo/kerrostalo/kaksio/185125,60.2262258,24.8122117,Agency info missing,None,None
184807,"kerrostalo, 36 m2 | 1 h+avokk+kph+parveke",765.0,"Helsinki, Lauttasaari, Melkonkatu 8",http://www.vuokraovi.com//vuokra-asunto/helsinki/lauttasaari/kerrostalo/yksio/184807,60.1490349,24.883381,Agency info missing,None,None
185118,"kerrostalo, 102 m2 | 3h, k, kph, erillinen wc, vh",1800.0,"Helsinki, Katajanokka, Luotsikatu 6 E",http://www.vuokraovi.com//vuokra-asunto/helsinki/katajanokka/kerrostalo/kolmio/185118,60.16782569999999,24.9643819,Agency info missing,None,None
185094,"kerrostalo, 52, 5 m2 | 2 h, avok, kh, sauna, parveke",1177.0,"Helsinki, Kamppi, Eerikinkatu 41",http://www.vuokraovi.com//vuokra-asunto/helsinki/kamppi/kerrostalo/kaksio/185094,60.1638959,24.9255666,Paakaupunkiseutu Yksityisomistajien vuokra-asunnot,None,None
185096,"kerrostalo, 81, 5 m2 | 4h, kt, s, lasitettu parveke",1409.0,"Helsinki, Vuosaari, Jauhajankuja 2",http://www.vuokraovi.com//vuokra-asunto/helsinki/vuosaari/kerrostalo/4h/185096,60.17332440000001,24.9410248,Paakaupunkiseutu Suuromistajien vuokra-asunnot,None,None
185098,"kerrostalo, 73 m2 | 3 h, kk, lasitettu parveke",1308.0,"Helsinki, Itakeskus, Vanhanlinnantie 3",http://www.vuokraovi.com//vuokra-asunto/helsinki/itakeskus/kerrostalo/kolmio/185098,60.2144655,25.0878091,Paakaupunkiseutu Suuromistajien vuokra-asunnot,None,None
185085,"omakotitalo, 491 m2 | 10h, k, s, saleja, kirjasto",4900.0,"Espoo, Espoonlahdenranta 21",http://www.vuokraovi.com//vuokra-asunto/espoo/omakotitalo/5h+/185085,60.1455158,24.6402548,"Uudenmaan Viva Oy Lkv, Suur-Helsinki",None,None
185059,"kerrostalo, 69, 5 m2 | 3h, kt, sauna, parveke",1219.0,"Helsinki, Malmi, Helatehtaankatu 3",http://www.vuokraovi.com//vuokra-asunto/helsinki/malmi/kerrostalo/kolmio/185059,60.25461819999999,25.0196263,Paakaupunkiseutu Suuromistajien vuokra-asunnot,None,None
185063,"kerrostalo, 50 m2 | 2h, kk, kh, parveke",930.0,"Helsinki, Lauttasaari, Italahdenkatu 14",http://www.vuokraovi.com//vuokra-asunto/helsinki/lauttasaari/kerrostalo/kaksio/185063,60.15074929999999,24.8809317,Paakaupunkiseutu Suuromistajien vuokra-asunnot,None,None
185068,"kerrostalo, 68, 5 m2 | 3h, k, s, terassi",1046.0,"Espoo, Kiltakallio, Valakuja 8",http://www.vuokraovi.com//vuokra-asunto/espoo/kiltakallio/kerrostalo/kolmio/185068,60.2032944,24.6600139,Paakaupunkiseutu Suuromistajien vuokra-asunnot,None,None
185042,"kerrostalo, 67 m2 | 3H+K",1046.0,"Helsinki, Pihlajamaki, Maasalvantie 5-9",http://www.vuokraovi.com//vuokra-asunto/helsinki/pihlajamaki/kerrostalo/kolmio/185042,60.23591649999999,25.0105861,Lumo / VVO-kotikeskus PKS,None,None
185037,"kerrostalo, 77, 5 m2 | 3h, k, lasitettu parveke",1226.0,"Helsinki, Itakeskus, Vanhanlinnantie 3",http://www.vuokraovi.com//vuokra-asunto/helsinki/itakeskus/kerrostalo/kolmio/185037,60.2144655,25.0878091,Paakaupunkiseutu Suuromistajien vuokra-asunnot,None,None
185007,"kerrostalo, 53, 5 m2 | 2H+K",951.0,"Helsinki, Malmi, Yla-Malmin tori 3",http://www.vuokraovi.com//vuokra-asunto/helsinki/malmi/kerrostalo/kaksio/185007,60.2524553,25.0092597,Lumo / VVO-kotikeskus PKS,None,None
185009,"kerrostalo, 71, 5 m2 | 3H+K",996.0,"Espoo, Espoon keskus, Sinettikuja 3",http://www.vuokraovi.com//vuokra-asunto/espoo/espoon+keskus/kerrostalo/kolmio/185009,60.2018361,24.6577675,Lumo / VVO-kotikeskus PKS,None,None
184999,"kerrostalo, 61, 5 m2 | 2h, k, s, parveke",1036.0,"Helsinki, Jollas, Puuskarinne 7",http://www.vuokraovi.com//vuokra-asunto/helsinki/jollas/kerrostalo/kaksio/184999,60.1721721,25.0823538,Paakaupunkiseutu Suuromistajien vuokra-asunnot,None,None
185001,"kerrostalo, 67 m2 | 2h, k, lasitettu parveke",1174.0,"Helsinki, Itakeskus, Vanhanlinnantie 3",http://www.vuokraovi.com//vuokra-asunto/helsinki/itakeskus/kerrostalo/kaksio/185001,60.2144655,25.0878091,Paakaupunkiseutu Suuromistajien vuokra-asunnot,None,None
184985,"kerrostalo, 58, 5 m2 | 2h + k + kph + vh + lasitettu",750.0,"Espoo, Suvela, Joupinmaenrinne 4 A",http://www.vuokraovi.com//vuokra-asunto/espoo/suvela/kerrostalo/kaksio/184985,60.2028256,24.6745979,Vuokraturva Oy LKV [A],None,None
184973,"kerrostalo, 49 m2 | 2h, k, lasitettu parveke",962.0,"Helsinki, Viikki, Von Daehnin katu 8",http://www.vuokraovi.com//vuokra-asunto/helsinki/viikki/kerrostalo/kaksio/184973,60.23148610000001,25.0462074,Paakaupunkiseutu Suuromistajien vuokra-asunnot,None,None
184975,"kerrostalo, 56, 5 m2 | 2h, kk, s, lasitettu parveke",1021.0,"Helsinki, Myllypuro, Kivensilmankuja 3",http://www.vuokraovi.com//vuokra-asunto/helsinki/myllypuro/kerrostalo/kaksio/184975,60.22366040000001,25.0739474,Paakaupunkiseutu Suuromistajien vuokra-asunnot,None,None
184933,"kerrostalo, 56 m2 | 2h, k, parveke",1014.0,"Helsinki, Viikki, Von Daehnin katu 8",http://www.vuokraovi.com//vuokra-asunto/helsinki/viikki/kerrostalo/kaksio/184933,60.23148610000001,25.0462074,Paakaupunkiseutu Suuromistajien vuokra-asunnot,None,None
184913,"kerrostalo, 26 m2 | 1h + kk + kph",597.0,"Espoo, Lahderanta, Lahderanta 11 B",http://www.vuokraovi.com//vuokra-asunto/espoo/lahderanta/kerrostalo/yksio/184913,60.2432518,24.7356318,Vuokraturva Oy LKV [A],None,None
184914,"omakotitalo, 164 m2 | 6h + k + 2 x kph + 2 erillista",1690.0,"Espoo, Hognas, Paciuksentie 38",http://www.vuokraovi.com//vuokra-asunto/espoo/hognas/omakotitalo/5h+/184914,60.24918710000001,24.6829844,Vuokraturva Oy LKV [A],None,None
184883,"kerrostalo, 26 m2 | FURNISHED STUDIO",950.0,"Helsinki, Hietalahti, Koydenpunojankatu 8 E",http://www.vuokraovi.com//vuokra-asunto/helsinki/hietalahti/kerrostalo/yksio/184883,60.16380239999999,24.9239742,Celine Oy Ab LKV AFM,None,None
184886,"kerrostalo, 55, 5 m2 | 2h + k + kph + p",945.0,"Helsinki, Etela-Haaga, Korppaantie 3 D",http://www.vuokraovi.com//vuokra-asunto/helsinki/etela-haaga/kerrostalo/kaksio/184886,60.20812050000001,24.8888074,Vuokraturva Oy LKV [A],None,None
183813,"kerrostalo, 47 m2 | 2h+k",1100.0,"Helsinki, Toolo, Toolonkatu 30b",http://www.vuokraovi.com//vuokra-asunto/helsinki/toolo/kerrostalo/kaksio/183813,60.1787337,24.9259991,Parnassia Oy,None,None
184809,"kerrostalo, 33, 5 m2 | 1h+kk",680.0,"Helsinki, Suurmetsa, Kalteentie 3",http://www.vuokraovi.com//vuokra-asunto/helsinki/suurmetsa/kerrostalo/yksio/184809,60.2647844,25.0844432,Agency info missing,None,None
184806,"kerrostalo, 58 m2 | 2h+k+p",900.0,"Helsinki, Verajamaki, Pukkilantie 2",http://www.vuokraovi.com//vuokra-asunto/helsinki/verajamaki/kerrostalo/kaksio/184806,60.2239788,24.9706918,Agency info missing,None,None
184789,"kerrostalo, 56, 5 m2 | 2h, k, kph, las.parveke",950.0,"Espoo, Kivenlahti, Meriusva 1 A",http://www.vuokraovi.com//vuokra-asunto/espoo/kivenlahti/kerrostalo/kaksio/184789,60.15488850000001,24.6349543,Huom! | Suomen Asuntopalvelut Oy,None,None
184784,"kerrostalo, 25 m2 | 1h/k+s",1500.0,"Helsinki, Etu-Toolo, Fredrikinkatu 64 b 22",http://www.vuokraovi.com//vuokra-asunto/helsinki/etu-toolo/kerrostalo/yksio/184784,60.171617,24.9266698,Agency info missing,None,None
184786,"kerrostalo, 61, 5 m2 | 3h+k+s",1257.0,"Espoo, Leppavaara, Huvilinnantie 6",http://www.vuokraovi.com//vuokra-asunto/espoo/leppavaara/kerrostalo/kolmio/184786,60.21557250000001,24.8071754,SATO Vuokraus ja myynti / Helsinki,None,None
184743,"kerrostalo, 53 m2 | 2h+k+s",990.0,"Espoo, Matinkyla, Matinniitynkuja 6B",http://www.vuokraovi.com//vuokra-asunto/espoo/matinkyla/kerrostalo/kaksio/184743,60.15957160000001,24.7436979,Agency info missing,None,None
184740,"kerrostalo, 60 m2 | 3 h, avok, s, parveke",1000.0,"Espoo, Lintuvaara, Kyyhkysmaki 16 C",http://www.vuokraovi.com//vuokra-asunto/espoo/lintuvaara/kerrostalo/kolmio/184740,60.22838160000001,24.8082397,Suomen Laatuasunnot Oy,None,None
184727,"kerrostalo, 36, 2 m2 | 1h+alkovi+kk+kph",760.0,"Helsinki, Laakso, Mannerheimintie 77 A",http://www.vuokraovi.com//vuokra-asunto/helsinki/laakso/kerrostalo/yksio/184727,60.19227159999999,24.9102638,Habicum LKV Oy,None,None
184706,"kerrostalo, 45 m2 | 2 h, k, kph, p",880.0,"Helsinki, Kannelmaki, Kantelettarentie 4 I",http://www.vuokraovi.com//vuokra-asunto/helsinki/kannelmaki/kerrostalo/kaksio/184706,60.239023,24.8855567,Kiinteistotoimisto Takio LKV [A],None,None
184701,"kerrostalo, 70 m2 | 2h + k + kph",1290.0,"Helsinki, Kamppi, Fredrikinkatu 69 B",http://www.vuokraovi.com//vuokra-asunto/helsinki/kamppi/kerrostalo/kaksio/184701,60.17074139999999,24.9283821,Vuokraturva Oy LKV [A],None,None
184691,"kerrostalo, 40, 5 m2 | 1H+KK",832.0,"Espoo, Suurpelto, Piilipuuntie 31",http://www.vuokraovi.com//vuokra-asunto/espoo/suurpelto/kerrostalo/yksio/184691,60.18954199999999,24.7378153,Lumo / VVO-kotikeskus PKS,None,None
184634,"kerrostalo, 74 m2 | 3h+k+sauna+parveke",1328.0,"Helsinki, Etela-Haaga, Vanha Viertotie 9",http://www.vuokraovi.com//vuokra-asunto/helsinki/etela-haaga/kerrostalo/kolmio/184634,60.2105514,24.8860446,Ovenia (co. Keskinainen Elakevakuutusyhtio Ilmarinen),None,None
184628,"kerrostalo, 85 m2 | 3h, k, kph, wc, s, p",1700.0,"Helsinki, Kamppi, Etelainen Rautatiekatu 16 A A",http://www.vuokraovi.com//vuokra-asunto/helsinki/kamppi/kerrostalo/kolmio/184628,60.1683718,24.924984,"Helsingin OPKK, Toolo",None,None
184624,"kerrostalo, 64 m2 | 3h, ak, kph, wc",2685.0,"Helsinki, Messeniuksenkatu 10",http://www.vuokraovi.com//vuokra-asunto/helsinki/kerrostalo/kolmio/184624,60.1883831,24.9130097,Majoituspalvelu Forenom Oy,None,None
184625,"kerrostalo, 68 m2 | 2h, k, kph, wc",2374.0,"Helsinki, Kamppi, Fredrikinkatu 58",http://www.vuokraovi.com//vuokra-asunto/helsinki/kamppi/kerrostalo/kaksio/184625,60.1705267,24.9282558,Majoituspalvelu Forenom Oy,None,None
184595,"kerrostalo, 66 m2 | 3h, kk, kh, sauna, lasitettu parve",1121.0,"Helsinki, Myllypuro, Kivensilmankuja 1",http://www.vuokraovi.com//vuokra-asunto/helsinki/myllypuro/kerrostalo/kolmio/184595,60.22370480000001,25.0744308,Paakaupunkiseutu Suuromistajien vuokra-asunnot,None,None
184459,"kerrostalo, 69 m2 | TOP-FLOOR Unfurnished 2r, s, balc, PARKING",1800.0,"Helsinki, Kalasatama, Sornaistenlaituri 3 E",http://www.vuokraovi.com//vuokra-asunto/helsinki/kalasatama/kerrostalo/kaksio/184459,60.1853336,24.9838338,Celine Oy Ab LKV AFM,None,None
184572,"rivitalo, 23 m2 | 1h + kk + kph",585.0,"Espoo, Jarvenpera, Pehtorintie 1",http://www.vuokraovi.com//vuokra-asunto/espoo/jarvenpera/rivitalo/yksio/184572,60.2476306,24.711677,Agency info missing,None,None
184573,"kerrostalo, 53 m2 | 2h + k + kph + vh + p",795.0,"Helsinki, Puotinharju, Korsholmantie 8 A",http://www.vuokraovi.com//vuokra-asunto/helsinki/puotinharju/kerrostalo/kaksio/184573,60.2156698,25.0806632,Vuokraturva Oy LKV [A],None,None
184562,"kerrostalo, 89, 5 m2 | 4h, avok., sauna, kph, wc, par",1348.0,"Espoo, Matinkyla, Maailman-Matti 2",http://www.vuokraovi.com//vuokra-asunto/espoo/matinkyla/kerrostalo/4h/184562,60.16242499999999,24.7399043,Paakaupunkiseutu Suuromistajien vuokra-asunnot,None,None
184558,"kerrostalo, 31 m2 | 1 h, kk, kph",690.0,"Helsinki, Lauttasaari, Isokaari 11",http://www.vuokraovi.com//vuokra-asunto/helsinki/lauttasaari/kerrostalo/yksio/184558,60.15672060000001,24.8663749,Kiinteistotoimisto Takio LKV [A],None,None
184554,"kerrostalo, 63 m2 | 3h, k, kh, vh, parv",1150.0,"Helsinki, Lauttasaari, Puistokaari 21",http://www.vuokraovi.com//vuokra-asunto/helsinki/lauttasaari/kerrostalo/kolmio/184554,60.16152880000001,24.8602594,Agency info missing,None,None
184550,"kerrostalo, 53 m2 | 2h+k+s+parveke",1100.0,"Helsinki, Laakso, Mannerheimintie 71 B",http://www.vuokraovi.com//vuokra-asunto/helsinki/laakso/kerrostalo/kaksio/184550,60.191297,24.9130475,Habicum LKV Oy,None,None
184544,"kerrostalo, 89 m2 | 4h + k + kph + wc + vh + lasit",1090.0,"Espoo, Iivisniemi, Iivisniementie 4 C",http://www.vuokraovi.com//vuokra-asunto/espoo/iivisniemi/kerrostalo/4h/184544,60.1497453,24.6947521,Vuokraturva Oy LKV [A],None,None
184534,"kerrostalo, 80 m2 | 2h + kn",1680.0,"Helsinki, Tunturikatu 10 A",http://www.vuokraovi.com//vuokra-asunto/helsinki/kerrostalo/kaksio/184534,60.17415250000001,24.9255542,OVV Asuntopalvelut Oy,None,None
184503,"kerrostalo, 67 m2 | 2-3h+kk+p",1146.0,"Helsinki, Itakeskus, Vanhanlinnantie 3",http://www.vuokraovi.com//vuokra-asunto/helsinki/itakeskus/kerrostalo/kolmio/184503,60.2144655,25.0878091,Paakaupunkiseutu Suuromistajien vuokra-asunnot,None,None
184466,"kerrostalo, 39, 5 m2 | 2h, kt, s, lasitettu parveke",1027.0,"Espoo, Tapiola, Elosalamantie 3",http://www.vuokraovi.com//vuokra-asunto/espoo/tapiola/kerrostalo/kaksio/184466,60.1715391,24.8079678,Paakaupunkiseutu Suuromistajien vuokra-asunnot,None,None
184468,"kerrostalo, 39, 5 m2 | 2h, kt, s, lasitettu parveke",1007.0,"Espoo, Tapiola, Elosalamantie 3",http://www.vuokraovi.com//vuokra-asunto/espoo/tapiola/kerrostalo/kaksio/184468,60.1715391,24.8079678,Paakaupunkiseutu Suuromistajien vuokra-asunnot,None,None
184469,"kerrostalo, 44 m2 | 2h, kt, s, lasitettu parveke",1078.0,"Espoo, Tapiola, Elosalamantie 3",http://www.vuokraovi.com//vuokra-asunto/espoo/tapiola/kerrostalo/kaksio/184469,60.1715391,24.8079678,Paakaupunkiseutu Suuromistajien vuokra-asunnot,None,None
184460,"rivitalo, 69, 8 m2 | 3h+k+kph+lasitettu parveke+pih",1000.0,"Espoo, Lippajarvi, Honkavaarantie 5 F",http://www.vuokraovi.com//vuokra-asunto/espoo/lippajarvi/rivitalo/kolmio/184460,60.22790260000001,24.7337084,MAISK Malmivaara & Iskala Oy,None,None
184435,"kerrostalo, 56, 5 m2 | 3h+k+kph+parveke",1200.0,"Helsinki, Tali, Pitajanmaentie 20",http://www.vuokraovi.com//vuokra-asunto/helsinki/tali/kerrostalo/kolmio/184435,60.2168617,24.8704763,Agency info missing,None,None
184433,"kerrostalo, 41 m2 | 2h, kk",1000.0,"Helsinki, Kruununhaka, Mariankatu 21",http://www.vuokraovi.com//vuokra-asunto/helsinki/kruununhaka/kerrostalo/kaksio/184433,60.17315089999999,24.9565631,Kiinteistomaailma | Kamppi,None,None
184422,"kerrostalo, 45 m2 | 2h + avok + kph + vh",1190.0,"Helsinki, Etu-Toolo, Perhonkatu 1 B",http://www.vuokraovi.com//vuokra-asunto/helsinki/etu-toolo/kerrostalo/kaksio/184422,60.1700051,24.9251762,Vuokraturva Oy LKV [A],None,None
184416,"kerrostalo, 83 m2 | 4H+K+S",1220.0,"Espoo, Leppavaara, Kyyhkysmaki 24",http://www.vuokraovi.com//vuokra-asunto/espoo/leppavaara/kerrostalo/4h/184416,60.22894449999999,24.8063329,Asokodit,None,None
184415,"kerrostalo, 71 m2 | 3h+kt+s",1122.0,"Espoo, Kilo, Nihtitorpankuja 5 A",http://www.vuokraovi.com//vuokra-asunto/espoo/kilo/kerrostalo/kolmio/184415,60.2054911,24.6559001,Newsec Asset Management  Oy,None,None
184408,"kerrostalo, 70, 5 m2 | 3H+KT+S",1633.63,"Helsinki, Lauttasaari, Vattuniemenkuja 8",http://www.vuokraovi.com//vuokra-asunto/helsinki/lauttasaari/kerrostalo/kolmio/184408,60.1533252,24.8822535,Ovenia Isannointi Oy,None,None
184347,"kerrostalo, 40 m2 | 2h+kk+s",840.0,"Espoo, Tiistila, Kalastajanmaki 8",http://www.vuokraovi.com//vuokra-asunto/espoo/tiistila/kerrostalo/kaksio/184347,60.15547549999999,24.7314861,"TA-Asunnot Oy, Espoo",None,None
184348,"kerrostalo, 48 m2 | 2h+kk+s",850.0,"Espoo, Kilo, Ruotutorppa 2",http://www.vuokraovi.com//vuokra-asunto/espoo/kilo/kerrostalo/kaksio/184348,60.21757710000001,24.7745447,"TA-Asunnot Oy, Espoo",None,None
184349,"rivitalo, 105, 5 m2 | 5h+k+s",1750.0,"Espoo, Tapiola, Koivuviita 7",http://www.vuokraovi.com//vuokra-asunto/espoo/tapiola/rivitalo/5h+/184349,60.1837373,24.7819656,"TA-Asunnot Oy, Espoo",None,None
184350,"erillistalo, 143 m2 | 6h+k+s+khh",2200.0,"Espoo, Nuottalahti, Nuottalahdentie 12-14",http://www.vuokraovi.com//vuokra-asunto/espoo/nuottalahti/erillistalo/184350,60.15113820000001,24.7306446,"TA-Asunnot Oy, Espoo",None,None
184353,"rivitalo, 129 m2 | 5h+k+s",1995.0,"Espoo, Suurpelto, Piilipuuntie 14 A",http://www.vuokraovi.com//vuokra-asunto/espoo/suurpelto/rivitalo/5h+/184353,60.1887535,24.7385371,"TA-Yhtyma Oy, Espoo",None,None
184337,"paritalo, 95 m2 | 4H+K+S",1639.0,"Espoo, Nuottalahti, Nuottalahdentie 32",http://www.vuokraovi.com//vuokra-asunto/espoo/nuottalahti/paritalo/4h/184337,60.15102619999999,24.7268626,Lumo / VVO-kotikeskus PKS,None,None
184338,"kerrostalo, 46, 5 m2 | 1H+TPK+S",825.0,"Espoo, Iivisniemi, Norppatie 8",http://www.vuokraovi.com//vuokra-asunto/espoo/iivisniemi/kerrostalo/yksio/184338,60.14805020000001,24.7005789,Lumo / VVO-kotikeskus PKS,None,None
184339,"kerrostalo, 58, 5 m2 | 2H+K+S",881.0,"Espoo, Matinkyla, Kala-Maija 3",http://www.vuokraovi.com//vuokra-asunto/espoo/matinkyla/kerrostalo/kaksio/184339,60.1591653,24.7407618,Lumo / VVO-kotikeskus PKS,None,None
184321,"kerrostalo, 80, 5 m2 | 3h, k, s, lasitettu parveke",1251.0,"Helsinki, Aurinkolahti, Jauhajankuja 2",http://www.vuokraovi.com//vuokra-asunto/helsinki/aurinkolahti/kerrostalo/kolmio/184321,60.17332440000001,24.9410248,Paakaupunkiseutu Suuromistajien vuokra-asunnot,None,None
184277,"kerrostalo, 56 m2 | 2h+k",820.0,"Espoo, Matinkyla, Akselinpolku 7",http://www.vuokraovi.com//vuokra-asunto/espoo/matinkyla/kerrostalo/kaksio/184277,60.1566266,24.7479295,Espoon Helvi Oy LKV,None,None
184274,"kerrostalo, 25 m2 | 1 h, kk, kph",700.0,"Helsinki, Ullanlinna, Pietarinkatu 11",http://www.vuokraovi.com//vuokra-asunto/helsinki/ullanlinna/kerrostalo/yksio/184274,60.1573774,24.9476601,Paakaupunkiseutu Yksityisomistajien vuokra-asunnot,None,None
184258,"kerrostalo, 56, 5 m2 | 2h k kph p",870.0,"Helsinki, Pitajanmaki, Strombergintie 8 D",http://www.vuokraovi.com//vuokra-asunto/helsinki/pitajanmaki/kerrostalo/kaksio/184258,60.2207202,24.8645993,Kiinteistotoimisto Takio LKV [A],None,None
184247,"kerrostalo, 87, 5 m2 | 3h+k+s",1390.0,"Espoo, Kivenlahti, Meriusva 1 A",http://www.vuokraovi.com//vuokra-asunto/espoo/kivenlahti/kerrostalo/kolmio/184247,60.15488850000001,24.6349543,Asuntosaatio,None,None
184209,"kerrostalo, 22 m2 | 1 huone, ikkunallinen kk, kph",720.0,"Helsinki, Laakso, Mannerheimintie 55",http://www.vuokraovi.com//vuokra-asunto/helsinki/laakso/kerrostalo/yksio/184209,60.18990030000001,24.9162085,Agency info missing,None,None
184191,"kerrostalo, 35 m2 | 1h + avok + kph + vh + alkovi",980.0,"Helsinki, Kruununhaka, Meritullinkatu 14 A",http://www.vuokraovi.com//vuokra-asunto/helsinki/kruununhaka/kerrostalo/yksio/184191,60.1725509,24.9581823,Vuokraturva Oy LKV [A],None,None
184183,"paritalo, 95 m2 | 4h, k, s, p, terassi",1433.0,"Espoo, Jarvenpera, Kulloonmaentie 24",http://www.vuokraovi.com//vuokra-asunto/espoo/jarvenpera/paritalo/4h/184183,60.24564279999999,24.7120867,Paakaupunkiseutu Suuromistajien vuokra-asunnot,None,None
184184,"kerrostalo, 50, 5 m2 | 2h, k, s, parveke",860.0,"Helsinki, Viikki, Tilanhoitajankaari 12",http://www.vuokraovi.com//vuokra-asunto/helsinki/viikki/kerrostalo/kaksio/184184,60.2304128,25.0300532,Paakaupunkiseutu Yksityisomistajien vuokra-asunnot,None,None
184164,"kerrostalo, 69 m2 | 2h, k, s, 2x lasitettu parveke",1157.0,"Helsinki, Konala, Seltterikuja 5",http://www.vuokraovi.com//vuokra-asunto/helsinki/konala/kerrostalo/kaksio/184164,60.2377939,24.847991,Paakaupunkiseutu Suuromistajien vuokra-asunnot,None,None
184165,"kerrostalo, 86 m2 | 3h, k, erill.wc, kph, s, lasitettu",1720.0,"Helsinki, Jatkasaari, Tyynenmerenkatu 5",http://www.vuokraovi.com//vuokra-asunto/helsinki/jatkasaari/kerrostalo/kolmio/184165,60.1579789,24.9214696,Paakaupunkiseutu Suuromistajien vuokra-asunnot,None,None
184157,"omakotitalo, 220 m2 | 3-4h+oh+k+kph+khh+s+t+piha",2000.0,"Espoo, Tuomarila, Joupinlaaksontie 9",http://www.vuokraovi.com//vuokra-asunto/espoo/tuomarila/omakotitalo/4h/184157,60.2023762,24.6769872,ForenomDirect,None,None
184132,"kerrostalo, 116 m2 | 5h+avok+kph+s+wc+p+vh",1750.0,"Espoo, Kivenlahti, Maininkitie 12 c",http://www.vuokraovi.com//vuokra-asunto/espoo/kivenlahti/kerrostalo/5h+/184132,60.153684,24.6472012,ForenomDirect,None,None
184125,"kerrostalo, 83 m2 | 3h+k+s",1115.52,"Helsinki, Mellunmaki, Laakavuorentie 7 C 56",http://www.vuokraovi.com//vuokra-asunto/helsinki/mellunmaki/kerrostalo/kolmio/184125,60.2406996,25.1123147,Helsingin kaupunki / Kiinteistovirasto / Asunto-osasto,None,None
184121,"kerrostalo, 44 m2 | 2h + k + kph + lasitettu p",1150.0,"Helsinki, Punavuori, Punavuorenkatu 14 A",http://www.vuokraovi.com//vuokra-asunto/helsinki/punavuori/kerrostalo/kaksio/184121,60.1607027,24.9368905,Vuokraturva Oy LKV [A],None,None
184099,"kerrostalo, 47, 5 m2 | 2H+KK+S",855.0,"Helsinki, Herttoniemi, Sopulirinne 2",http://www.vuokraovi.com//vuokra-asunto/helsinki/herttoniemi/kerrostalo/kaksio/184099,60.21525699999999,25.0436485,"Ovenia Isannointi Oy, Helsinki ( Avara)",None,None
184066,"kerrostalo, 43, 5 m2 | 1H+TPK+S",817.0,"Espoo, Ymmersta, Ullantorpantie 3",http://www.vuokraovi.com//vuokra-asunto/espoo/ymmersta/kerrostalo/yksio/184066,60.2053451,24.7040927,Lumo / VVO-kotikeskus PKS,None,None
184067,"kerrostalo, 76, 5 m2 | 3H+K+S",1200.0,"Espoo, Ymmersta, Ullantorpantie 3",http://www.vuokraovi.com//vuokra-asunto/espoo/ymmersta/kerrostalo/kolmio/184067,60.2053451,24.7040927,Lumo / VVO-kotikeskus PKS,None,None
184070,"kerrostalo, 68, 5 m2 | 2H+TPK+S",1084.0,"Espoo, Jarvenpera, Aurorankuja 3",http://www.vuokraovi.com//vuokra-asunto/espoo/jarvenpera/kerrostalo/kaksio/184070,60.23738700000001,24.7032822,Lumo / VVO-kotikeskus PKS,None,None
184071,"kerrostalo, 68, 5 m2 | 3H+K+S",1130.0,"Espoo, Jarvenpera, Aurorankuja 3",http://www.vuokraovi.com//vuokra-asunto/espoo/jarvenpera/kerrostalo/kolmio/184071,60.23738700000001,24.7032822,Lumo / VVO-kotikeskus PKS,None,None
184026,"kerrostalo, 43 m2 | 2h+kk",855.0,"Helsinki, Kontula, Kontulankaari 4",http://www.vuokraovi.com//vuokra-asunto/helsinki/kontula/kerrostalo/kaksio/184026,60.2377674,25.0783813,Agency info missing,None,None
184027,"kerrostalo, 44 m2 | 1h+k",964.0,"Helsinki, Vallila, Sturenkatu 47",http://www.vuokraovi.com//vuokra-asunto/helsinki/vallila/kerrostalo/kaksio/184027,60.1963214,24.9609605,SATO Vuokraus ja myynti / Helsinki,None,None
183998,"kerrostalo, 26 m2 | 1h, ak, kph, wc",1064.0,"Helsinki, Makelankatu 28",http://www.vuokraovi.com//vuokra-asunto/helsinki/kerrostalo/yksio/183998,60.1942173,24.9568028,Majoituspalvelu Forenom Oy,None,None
183984,"kerrostalo, 31 m2 | 1H+AVOK",770.0,"Helsinki, Rastila, Retkeilijankatu 3 A",http://www.vuokraovi.com//vuokra-asunto/helsinki/rastila/kerrostalo/yksio/183984,60.20592319999999,25.1204993,Newsec Asset Management  Oy,None,None
183986,"kerrostalo, 49 m2 | 2H+KK",890.0,"Helsinki, Rastila, Retkeilijankatu 5 A",http://www.vuokraovi.com//vuokra-asunto/helsinki/rastila/kerrostalo/kaksio/183986,60.2058997,25.1208972,Newsec Asset Management  Oy,None,None
183988,"kerrostalo, 49 m2 | 2H+KK",910.0,"Helsinki, Rastila, Retkeilijankatu 5 A",http://www.vuokraovi.com//vuokra-asunto/helsinki/rastila/kerrostalo/kaksio/183988,60.2058997,25.1208972,Newsec Asset Management  Oy,None,None
183989,"kerrostalo, 31 m2 | 1H+AVOK",780.0,"Helsinki, Rastila, Retkeilijankatu 5 A",http://www.vuokraovi.com//vuokra-asunto/helsinki/rastila/kerrostalo/yksio/183989,60.2058997,25.1208972,Newsec Asset Management  Oy,None,None
183990,"kerrostalo, 49 m2 | 2H+KK",910.0,"Helsinki, Rastila, Retkeilijankatu 7 A",http://www.vuokraovi.com//vuokra-asunto/helsinki/rastila/kerrostalo/kaksio/183990,60.205602,25.12218,Newsec Asset Management  Oy,None,None
183991,"kerrostalo, 31 m2 | 1H+AVOK",770.0,"Helsinki, Rastila, Retkeilijankatu 7 A",http://www.vuokraovi.com//vuokra-asunto/helsinki/rastila/kerrostalo/yksio/183991,60.205602,25.12218,Newsec Asset Management  Oy,None,None
183992,"kerrostalo, 31 m2 | 1H+AVOK",770.0,"Helsinki, Rastila, Retkeilijankatu 7 A",http://www.vuokraovi.com//vuokra-asunto/helsinki/rastila/kerrostalo/yksio/183992,60.205602,25.12218,Newsec Asset Management  Oy,None,None
183967,"kerrostalo, 35, 5 m2 | 1H+KK+KPH",610.0,"Espoo, Suvela, Kirstinmaki 15 C",http://www.vuokraovi.com//vuokra-asunto/espoo/suvela/kerrostalo/yksio/183967,60.203598,24.6662743,LKV Tuija Hurme Oy,None,None
183903,"kerrostalo, 53 m2 | 2h+k+lasitettu parveke",929.0,"Helsinki, Viikki, Von Daehnin katu 12 A",http://www.vuokraovi.com//vuokra-asunto/helsinki/viikki/kerrostalo/kaksio/183903,60.2310102,25.0446831,Ovenia (Keskinainen Elakevakuutusyhtio Etera),None,None
183897,"kerrostalo, 58 m2 | 2h + k + kph + parveke",820.0,"Espoo, Kivenlahti, Merivalkama 3 - 5 B",http://www.vuokraovi.com//vuokra-asunto/espoo/kivenlahti/kerrostalo/kaksio/183897,60.1536341,24.6324443,Nuorten Keskus Ry,None,None
183806,"kerrostalo, 77, 5 m2 | 3h, k, s, lasitettu parveke",1449.0,"Helsinki, Lansi-Pasila, Kuuluttajankatu 2",http://www.vuokraovi.com//vuokra-asunto/helsinki/lansi-pasila/kerrostalo/kolmio/183806,60.2050512,24.9178006,Paakaupunkiseutu Suuromistajien vuokra-asunnot,None,None
183807,"kerrostalo, 43 m2 | 2h, kt, sauna, lasitettu parveke",890.0,"Espoo, Matinkyla, Matinpuronkuja 2",http://www.vuokraovi.com//vuokra-asunto/espoo/matinkyla/kerrostalo/kaksio/183807,60.1628376,24.7542227,Paakaupunkiseutu Suuromistajien vuokra-asunnot,None,None
183789,"kerrostalo, 49 m2 | FURNISHED 2r, kitchen",1250.0,"Helsinki, Kamppi, Lapinlahdenkatu 21 B",http://www.vuokraovi.com//vuokra-asunto/helsinki/kamppi/kerrostalo/kaksio/183789,60.16712849999999,24.9265088,Celine Oy Ab LKV AFM,None,None
183766,"kerrostalo, 46 m2 | 2h+k+p",890.0,"Helsinki, Kannelmaki, Vanhaistentie 4 A",http://www.vuokraovi.com//vuokra-asunto/helsinki/kannelmaki/kerrostalo/kaksio/183766,60.2422984,24.8850561,"Himat Oy LKV, Helsinki",None,None
183767,"kerrostalo, 51, 5 m2 | 2h+k+p",920.0,"Helsinki, Lauttasaari, Gylldenintie 10 E",http://www.vuokraovi.com//vuokra-asunto/helsinki/lauttasaari/kerrostalo/kaksio/183767,60.1619435,24.8780638,"Himat Oy LKV, Helsinki",None,None
183768,"kerrostalo, 57 m2 | 2h+k+p",990.0,"Helsinki, Herttoniemi, Siilitie 4 B",http://www.vuokraovi.com//vuokra-asunto/helsinki/herttoniemi/kerrostalo/kaksio/183768,60.2066692,25.0427381,"Himat Oy LKV, Helsinki",None,None
179764,"kerrostalo, 123 m2 | 4h, avokeittio, sauna, khh, 2xWC",2150.0,"Espoo, Tapiola, Harjuviita 2 B",http://www.vuokraovi.com//vuokra-asunto/espoo/tapiola/kerrostalo/4h/179764,60.1734583,24.825324,"Uudenmaan Viva Oy Lkv, Suur-Helsinki",None,None
179756,"kerrostalo, 50 m2 | 2h (mh + oh&K) + kh",1300.0,"Helsinki, Ullanlinna, Kapteeninkatu 20-22",http://www.vuokraovi.com//vuokra-asunto/helsinki/ullanlinna/kerrostalo/kaksio/179756,60.1579156,24.9444804,Agency info missing,None,None
179754,"kerrostalo, 44 m2 | 2h, kt, s, parveke",1100.0,"Espoo, Tapiola, Elosalamantie 3",http://www.vuokraovi.com//vuokra-asunto/espoo/tapiola/kerrostalo/kaksio/179754,60.1715391,24.8079678,Paakaupunkiseutu Suuromistajien vuokra-asunnot,None,None
179690,"omakotitalo, 178 m2 | 4 h, k, rt, s, pkh, khh, autot",3500.0,"Espoo, Nuottaniemi, Nuottakallio 8 D",http://www.vuokraovi.com//vuokra-asunto/espoo/nuottaniemi/omakotitalo/4h/179690,60.1458598,24.734111,West-House LKV [A],None,None
179684,"kerrostalo, 68 m2 | 3h, ak, kph, s, wc",2679.0,"Helsinki, Gustav Pauligin Katu 4",http://www.vuokraovi.com//vuokra-asunto/helsinki/kerrostalo/kolmio/179684,60.20653170000001,25.1516861,Majoituspalvelu Forenom Oy,None,None
179688,"kerrostalo, 49 m2 | 2h, ak, kph, wc",2077.0,"Helsinki, Paaskylanrinne 6A 105b, ",http://www.vuokraovi.com//vuokra-asunto/helsinki/kerrostalo/kaksio/179688,60.1878811,24.9662983,Majoituspalvelu Forenom Oy,None,None
384879,"kerrostalo, 37 m2 | 1h+k",930.0,"Helsinki, Toolo, Kivelankatu 5-7",http://www.vuokraovi.com//vuokra-asunto/helsinki/toolo/kerrostalo/yksio/384879,60.1803312,24.9264135,Parnassia Oy,None,None
179621,"kerrostalo, 71 m2 | 3h+k+s+parveke",1313.5,"Helsinki, Herttoniemi, Abraham Wetterin tie 14 D 65",http://www.vuokraovi.com//vuokra-asunto/helsinki/herttoniemi/kerrostalo/kolmio/179621,60.19314250000001,25.046611,Keva,None,None
179598,"kerrostalo, 42, 5 m2 | 2h+avok",1000.0,"Helsinki, Toolo, Kivelankatu 5-7",http://www.vuokraovi.com//vuokra-asunto/helsinki/toolo/kerrostalo/kaksio/179598,60.1803312,24.9264135,Parnassia Oy,None,None
179590,"kerrostalo, 29 m2 | 1h, avok, kh",800.0,"Helsinki, Kruununhaka, Meritullinkatu 26",http://www.vuokraovi.com//vuokra-asunto/helsinki/kruununhaka/kerrostalo/yksio/179590,60.174504,24.9579718,Kiinteistotahkola | Vuokra-asunnot,None,None
179567,"kerrostalo, 81 m2 | 4h, k, s",1315.0,"Espoo, Tuomarila, Kulovalkeantie 21",http://www.vuokraovi.com//vuokra-asunto/espoo/tuomarila/kerrostalo/4h/179567,60.2076112,24.6851492,Paakaupunkiseutu Suuromistajien vuokra-asunnot,None,None
179569,"kerrostalo, 81 m2 | 4h+k+s",1315.0,"Espoo, Tuomarila, Kulovalkeantie 21",http://www.vuokraovi.com//vuokra-asunto/espoo/tuomarila/kerrostalo/4h/179569,60.2076112,24.6851492,Paakaupunkiseutu Suuromistajien vuokra-asunnot,None,None
179564,"kerrostalo, 27 m2 | huone keittokomero kylpyhuone",700.0,"Helsinki, Etela-Haaga, Ristolantie 20 A",http://www.vuokraovi.com//vuokra-asunto/helsinki/etela-haaga/kerrostalo/yksio/179564,60.21286660000001,24.8935497,Kiinteistotoimisto Takio LKV [A],None,None
179548,"kerrostalo, 42 m2 | 2H+KK",935.0,"Helsinki, Sornainen, Hameentie 48",http://www.vuokraovi.com//vuokra-asunto/helsinki/sornainen/kerrostalo/kaksio/179548,60.18669320000001,24.9610531,Lumo / VVO-kotikeskus PKS,None,None
179550,"kerrostalo, 49, 5 m2 | 2H+KK",970.0,"Helsinki, Sornainen, Hameentie 48",http://www.vuokraovi.com//vuokra-asunto/helsinki/sornainen/kerrostalo/kaksio/179550,60.18669320000001,24.9610531,Lumo / VVO-kotikeskus PKS,None,None
179544,"kerrostalo, 36 m2 | 1H+KT+KPH+S",771.0,"Espoo, Tapiola, Neulaspolku 1",http://www.vuokraovi.com//vuokra-asunto/espoo/tapiola/kerrostalo/yksio/179544,60.17870959999999,24.81409,Ovenia (co. Keskinainen Elakevakuutusyhtio Ilmarinen),None,None
179539,"kerrostalo, 50, 5 m2 | 2h, avok., sauna, lasitettu par",943.0,"Espoo, Matinkyla, nelikkotie 2",http://www.vuokraovi.com//vuokra-asunto/espoo/matinkyla/kerrostalo/kaksio/179539,60.1619585,24.7407391,Paakaupunkiseutu Suuromistajien vuokra-asunnot,None,None
179541,"kerrostalo, 52 m2 | 2h, kt, s, lasitettu parveke",1251.0,"Helsinki, Jatkasaari, Tyynenmerenkatu 5",http://www.vuokraovi.com//vuokra-asunto/helsinki/jatkasaari/kerrostalo/kaksio/179541,60.1579789,24.9214696,Paakaupunkiseutu Suuromistajien vuokra-asunnot,None,None
179542,"kerrostalo, 43 m2 | 2 h+kk+s",755.0,"Espoo, Kiltakallio, Viirikuja 1",http://www.vuokraovi.com//vuokra-asunto/espoo/kiltakallio/kerrostalo/kaksio/179542,60.1995181,24.6575346,Paakaupunkiseutu Suuromistajien vuokra-asunnot,None,None
179536,"kerrostalo, 49, 5 m2 | 2 huonetta avokeittio  kylpyhu",950.0,"Helsinki, Lauttasaari, Melkonkatu 4 C",http://www.vuokraovi.com//vuokra-asunto/helsinki/lauttasaari/kerrostalo/kaksio/179536,60.1482281,24.8841642,Agency info missing,None,None
179521,"kerrostalo, 76 m2 | 3H+K",1242.0,"Helsinki, Itakeskus, Kauppakartanonkuja 3",http://www.vuokraovi.com//vuokra-asunto/helsinki/itakeskus/kerrostalo/kolmio/179521,60.2072733,25.0765564,Lumo / VVO-kotikeskus PKS,None,None
179522,"kerrostalo, 77, 5 m2 | 3H+K+S",1431.0,"Helsinki, Sornainen, Kaenkuja 8",http://www.vuokraovi.com//vuokra-asunto/helsinki/sornainen/kerrostalo/kolmio/179522,60.185143,24.9658424,Lumo / VVO-kotikeskus PKS,None,None
179481,"rivitalo, 117 m2 | 4h+k+s+las.p+terassipiha",1750.0,"Espoo, Saunalahti, Lansiviitta 5 C",http://www.vuokraovi.com//vuokra-asunto/espoo/saunalahti/rivitalo/4h/179481,60.16681869999999,24.6102685,Uudenmaan Vuokra-Asunnot,None,None
179479,"kerrostalo, 29 m2 | FURNISHED 2 rooms",990.0,"Helsinki, Etu-Toolo, Minna Canthin katu 9",http://www.vuokraovi.com//vuokra-asunto/helsinki/etu-toolo/kerrostalo/kaksio/179479,60.1863202,24.918705,Celine Oy Ab LKV AFM,None,None
179462,"kerrostalo, 45, 5 m2 | 2h, avok, s",840.0,"Espoo, Leppavaara, Kyyhkysmaki 14",http://www.vuokraovi.com//vuokra-asunto/espoo/leppavaara/kerrostalo/kaksio/179462,60.2283926,24.8087842,Paakaupunkiseutu Suuromistajien vuokra-asunnot,None,None
179454,"kerrostalo, 61, 5 m2 | 3H+K",1011.0,"Helsinki, Roihuvuori, Roihuvuorentie 6a-6b",http://www.vuokraovi.com//vuokra-asunto/helsinki/roihuvuori/kerrostalo/kolmio/179454,60.1960756,25.0534866,Lumo / VVO-kotikeskus PKS,None,None
179455,"kerrostalo, 81 m2 | 3H+K",1030.0,"Helsinki, Tapulikaupunki, Vaakamestarinpolku 2",http://www.vuokraovi.com//vuokra-asunto/helsinki/tapulikaupunki/kerrostalo/kolmio/179455,60.2769436,25.0219457,Lumo / VVO-kotikeskus PKS,None,None
179439,"kerrostalo, 50 m2 | 2h, avokeittio, kph ja vaatehu",1150.0,"Helsinki, Pitajanmaki, Pitajanmaentie 20 A",http://www.vuokraovi.com//vuokra-asunto/helsinki/pitajanmaki/kerrostalo/kaksio/179439,60.2168617,24.8704763,RE/MAX Kiinteistonvalitys Hyvat Kodit Oy LKV,None,None
179418,"kerrostalo, 33, 4 m2 | 2h",860.0,"Helsinki, Meilahti, Mannerheimintie 128",http://www.vuokraovi.com//vuokra-asunto/helsinki/meilahti/kerrostalo/kaksio/179418,60.1930673,24.9075258,OVV Asuntopalvelut Oy,None,None
179355,"kerrostalo, 46, 5 m2 | 2h+k+kph+p",930.0,"Helsinki, Taka-Toolo, Humalistonkatu 2",http://www.vuokraovi.com//vuokra-asunto/helsinki/taka-toolo/kerrostalo/kaksio/179355,60.18510200000001,24.9216428,Agency info missing,None,None
179365,"kerrostalo, 79 m2 | 2-3h, k, kh, parveke",1280.0,"Helsinki, Munkkiniemi, Solnantie 24",http://www.vuokraovi.com//vuokra-asunto/helsinki/munkkiniemi/kerrostalo/kaksio/179365,60.19686129999999,24.8782939,Paakaupunkiseutu Yksityisomistajien vuokra-asunnot,None,None
179346,"kerrostalo, 51, 5 m2 | 1h + k + kph + wc + alkovi",1040.0,"Helsinki, Kallio, Kaarlenkatu 13 A",http://www.vuokraovi.com//vuokra-asunto/helsinki/kallio/kerrostalo/yksio/179346,60.1862459,24.9515763,Vuokraturva Oy LKV [A],None,None
179347,"kerrostalo, 63 m2 | 3h + k + kph + lasitettu p",995.0,"Espoo, Haukilahti, Pitkankalliontie 5-7 D",http://www.vuokraovi.com//vuokra-asunto/espoo/haukilahti/kerrostalo/kolmio/179347,60.1583287,24.7795482,Vuokraturva Oy LKV [A],None,None
179348,"kerrostalo, 69, 6 m2 | 3h + k + kph + wc + vh + p",940.0,"Helsinki, Myllypuro, Neulapadontie 4 E",http://www.vuokraovi.com//vuokra-asunto/helsinki/myllypuro/kerrostalo/kolmio/179348,60.22242619999999,25.0602369,Vuokraturva Oy LKV [A],None,None
179349,"kerrostalo, 82 m2 | 4h + k + kph + lasitettu p",1450.0,"Helsinki, Munkkiniemi, Rakuunantie 5 A",http://www.vuokraovi.com//vuokra-asunto/helsinki/munkkiniemi/kerrostalo/4h/179349,60.19939489999999,24.8852604,Vuokraturva Oy LKV [A],None,None
179341,"kerrostalo, 59 m2 | 2h+k+kph+lasitettu parveke",850.0,"Espoo, Iivisniemi, Iivisniemenaukio 2A7",http://www.vuokraovi.com//vuokra-asunto/espoo/iivisniemi/kerrostalo/kaksio/179341,60.14814149999999,24.6934665,Agency info missing,None,None
179339,"kerrostalo, 12, 5 m2 | 1h + avok + kph",680.0,"Helsinki, Kamppi, Lapinlahdenkatu 11 C",http://www.vuokraovi.com//vuokra-asunto/helsinki/kamppi/kerrostalo/yksio/179339,60.1668148,24.928883,Vuokraturva Oy LKV [A],None,None
179330,"kerrostalo, 43 m2 | 2h, et, kk, kph",1100.0,"Helsinki, Punavuori, Pursimiehenkatu 20 B 16",http://www.vuokraovi.com//vuokra-asunto/helsinki/punavuori/kerrostalo/kaksio/179330,60.15880569999999,24.9364689,Agency info missing,None,None
179322,"kerrostalo, 45 m2 | 2h+kk",790.0,"Helsinki, Herttoniemi, Laivalahdenportti 5",http://www.vuokraovi.com//vuokra-asunto/helsinki/herttoniemi/kerrostalo/kaksio/179322,60.1914941,25.0340554,Agency info missing,None,None
179323,"kerrostalo, 43 m2 | 2h+kk+s",1125.0,"Helsinki, Tali, Kutomotie 8a",http://www.vuokraovi.com//vuokra-asunto/helsinki/tali/kerrostalo/kaksio/179323,60.2141236,24.8723259,SATO Vuokraus ja myynti / Helsinki,None,None
179271,"kerrostalo, 53 m2 | 2h, k, kh, p",950.0,"Espoo, Niittykumpu, Niittykatu 4",http://www.vuokraovi.com//vuokra-asunto/espoo/niittykumpu/kerrostalo/kaksio/179271,60.1688498,24.7610418,Agency info missing,None,None
179254,"kerrostalo, 36 m2 | 1h + avok + kph + alkovi",798.0,"Helsinki, Taka-Toolo, Paivarinnankatu 3 A",http://www.vuokraovi.com//vuokra-asunto/helsinki/taka-toolo/kerrostalo/yksio/179254,60.188686,24.9164281,Vuokraturva Oy LKV [A],None,None
179240,"kerrostalo, 48 m2 | 2h+kk+s",850.0,"Espoo, Tuomarila, Tuomarilantie 9",http://www.vuokraovi.com//vuokra-asunto/espoo/tuomarila/kerrostalo/kaksio/179240,60.20557139999999,24.6818327,"TA-Asunnot Oy, Espoo",None,None
179222,"kerrostalo, 60 m2 | 2h+k",885.0,"Helsinki, Pihlajamaki, Kiillekuja 4",http://www.vuokraovi.com//vuokra-asunto/helsinki/pihlajamaki/kerrostalo/kaksio/179222,60.2327033,25.0066464,SATO Vuokraus ja myynti / Helsinki,None,None
179224,"kerrostalo, 41, 5 m2 | 2h+kk",833.0,"Helsinki, Vuosaari, Venemestarintie 4",http://www.vuokraovi.com//vuokra-asunto/helsinki/vuosaari/kerrostalo/kaksio/179224,60.2067509,25.131616,SATO Vuokraus ja myynti / Helsinki,None,None
179225,"kerrostalo, 56 m2 | 2h+kk+s",934.0,"Espoo, Lintuvaara, Kiskottajankuja 4",http://www.vuokraovi.com//vuokra-asunto/espoo/lintuvaara/kerrostalo/kaksio/179225,60.2299175,24.8144044,SATO Vuokraus ja myynti / Helsinki,None,None
179207,"rivitalo, 105 m2 | 3 h + k + s",1900.0,"Espoo, Haukilahti, Saynavatie 7 C",http://www.vuokraovi.com//vuokra-asunto/espoo/haukilahti/rivitalo/179207,60.1603552,24.7779782,Kiinteistonvalitysliike Asuntotuomarit Oy,None,None
179206,"kerrostalo, 51 m2 | 2h, ak, kph, wc, p",2322.0,"Espoo, Leppavaara, Leppavaarankatu 12",http://www.vuokraovi.com//vuokra-asunto/espoo/leppavaara/kerrostalo/kaksio/179206,60.2169587,24.8096488,Majoituspalvelu Forenom Oy,None,None
179199,"kerrostalo, 85 m2 | 4h + k + kph + lasitettu p",1450.0,"Espoo, Tapiola, Suvikuja 4 C",http://www.vuokraovi.com//vuokra-asunto/espoo/tapiola/kerrostalo/4h/179199,60.1727915,24.7892893,Vuokraturva Oy LKV [A],None,None
179167,"kerrostalo, 81 m2 | 3h+k",886.0,"Espoo, Kivenlahti, Aallonhuippu 9 A",http://www.vuokraovi.com//vuokra-asunto/espoo/kivenlahti/kerrostalo/kolmio/179167,60.151902,24.639215,Ovenia,None,None
179169,"kerrostalo, 39, 5 m2 | 2h, kt, s, parveke",988.0,"Espoo, Tapiola, Elosalamantie 3",http://www.vuokraovi.com//vuokra-asunto/espoo/tapiola/kerrostalo/kaksio/179169,60.1715391,24.8079678,Paakaupunkiseutu Suuromistajien vuokra-asunnot,None,None
179165,"kerrostalo, 138 m2 | 4h+k",2553.0,"Helsinki, Kamppi, Kalevankatu 28 A",http://www.vuokraovi.com//vuokra-asunto/helsinki/kamppi/kerrostalo/4h/179165,60.16567569999999,24.933566,Ovenia,None,None
179163,"kerrostalo, 62 m2 | 2h+k",1261.0,"Helsinki, Kamppi, Kalevankatu 28 B",http://www.vuokraovi.com//vuokra-asunto/helsinki/kamppi/kerrostalo/kaksio/179163,60.16567569999999,24.933566,Ovenia,None,None
179135,"kerrostalo, 86, 5 m2 | 4h + k + kph + wc + s + lasite",1328.0,"Espoo, Leppavaara, Itsehallintotie 6 B",http://www.vuokraovi.com//vuokra-asunto/espoo/leppavaara/kerrostalo/4h/179135,60.2109848,24.823317,Vuokraturva Oy LKV [A],None,None
179137,"kerrostalo, 28 m2 | 1h + kk + kph",650.0,"Espoo, Makkyla, Puustellinmaki 1 A",http://www.vuokraovi.com//vuokra-asunto/espoo/makkyla/kerrostalo/yksio/179137,60.20807,24.7991375,Agency info missing,None,None
179088,"kerrostalo, 32 m2 | 2h + avok + kph",750.0,"Helsinki, Lassila, Kaupintie 18 A",http://www.vuokraovi.com//vuokra-asunto/helsinki/lassila/kerrostalo/kaksio/179088,60.229142,24.8807684,Vuokraturva Oy LKV [A],None,None
179089,"kerrostalo, 31, 5 m2 | 1h + avok + kph + alkovi + las",698.0,"Espoo, Espoon keskus, Valakuja 6 A",http://www.vuokraovi.com//vuokra-asunto/espoo/espoon+keskus/kerrostalo/yksio/179089,60.2030538,24.6601914,Vuokraturva Oy LKV [A],None,None
179080,"kerrostalo, 82 m2 | 4h+kt+s",1121.8,"Espoo, Lasilaakso, Lasimaki 2",http://www.vuokraovi.com//vuokra-asunto/espoo/lasilaakso/kerrostalo/4h/179080,60.18337769999999,24.5838915,"TA-Yhtyma Oy, Espoo",None,None
179081,"rivitalo, 128, 5 m2 | 5h+k+s",1990.0,"Espoo, Suurpelto, Piilipuuntie 14 A",http://www.vuokraovi.com//vuokra-asunto/espoo/suurpelto/rivitalo/5h+/179081,60.1887535,24.7385371,"TA-Yhtyma Oy, Espoo",None,None
179073,"kerrostalo, 67 m2 | 2 h, k, kph, vh",1380.0,"Helsinki, Etu-Toolo, Arkadiankatu 12 A",http://www.vuokraovi.com//vuokra-asunto/helsinki/etu-toolo/kerrostalo/kaksio/179073,60.1710478,24.9294127,Area m2 Oy LKV / Asumaan.fi,None,None
179040,"kerrostalo, 59 m2 | 2H+KT+S",1141.04,"Helsinki, Viikki, Viikinportti 2",http://www.vuokraovi.com//vuokra-asunto/helsinki/viikki/kerrostalo/kaksio/179040,60.2265964,25.008537,Ovenia Isannointi Oy,None,None
179022,"kerrostalo, 68, 5 m2 | 3h, kt, s, terassi",1077.0,"Espoo, Kilo, Nihtitorpankuja 7",http://www.vuokraovi.com//vuokra-asunto/espoo/kilo/kerrostalo/kolmio/179022,60.2054911,24.6559001,Paakaupunkiseutu Suuromistajien vuokra-asunnot,None,None
179007,"kerrostalo, 50, 5 m2 | 2h+k+s+parveke",935.03,"Espoo, Kivenlahti, Meriusva 5",http://www.vuokraovi.com//vuokra-asunto/espoo/kivenlahti/kerrostalo/kaksio/179007,60.1550538,24.6355801,Asuntosaatio,None,None
179013,"kerrostalo, 28 m2 | 1h, alkovi, kk, kph",695.0,"Helsinki, Kannelmaki, Vanhaistentie 4 D",http://www.vuokraovi.com//vuokra-asunto/helsinki/kannelmaki/kerrostalo/yksio/179013,60.2422984,24.8850561,"Helsingin OPKK, Toolo",None,None
179003,"kerrostalo, 59 m2 | 2 h + k + s + pihaterassi",1094.93,"Helsinki, Aurinkolahti, Aurinkotuulenkatu 14 C",http://www.vuokraovi.com//vuokra-asunto/helsinki/aurinkolahti/kerrostalo/kaksio/179003,60.2050945,25.1580512,Asuntosaatio,None,None
178995,"kerrostalo, 62 m2 | 3h + k + kph + lasitettu p",950.0,"Helsinki, Vuosaari, Satamasaarentie 6 F",http://www.vuokraovi.com//vuokra-asunto/helsinki/vuosaari/kerrostalo/kolmio/178995,60.2126383,25.1380937,Vuokraturva Oy LKV [A],None,None
178941,"kerrostalo, 74 m2 | 3h+k+p",919.44,"Helsinki, Vesala, Rekipellontie 2 B 23",http://www.vuokraovi.com//vuokra-asunto/helsinki/vesala/kerrostalo/kolmio/178941,60.2384321,25.0985029,Keva,None,None
178937,"kerrostalo, 42 m2 | 2h + avok + kph + lasitettu p",970.0,"Helsinki, Hermanni, Sornaistenkatu 19 A",http://www.vuokraovi.com//vuokra-asunto/helsinki/hermanni/kerrostalo/kaksio/178937,60.19450699999999,24.9727654,Vuokraturva Oy LKV [A],None,None
178854,"kerrostalo, 24 m2 | 1h+kk+kph",800.0,"Helsinki, Ullanlinna, Pietarinkatu 11 C",http://www.vuokraovi.com//vuokra-asunto/helsinki/ullanlinna/kerrostalo/yksio/178854,60.1573774,24.9476601,RE/MAX Kotikorttelit Oy LKV,None,None
178785,"luhtitalo, 47, 5 m2 | 2h+k+s+iso parveke",930.0,"Espoo, Laaksolahti, Kolkekannaksentie 19 B 50",http://www.vuokraovi.com//vuokra-asunto/espoo/laaksolahti/luhtitalo/kaksio/178785,60.23966309999999,24.7374284,Agency info missing,None,None
178792,"kerrostalo, 51, 5 m2 | 2H+KH+KK",780.0,"Espoo, Suvela, Kirstintie 16",http://www.vuokraovi.com//vuokra-asunto/espoo/suvela/kerrostalo/kaksio/178792,60.20262899999999,24.6694258,Kiinteistotahkola | Vuokra-asunnot,None,None
178794,"kerrostalo, 39 m2 | 1h, alkovi, k, kh",800.0,"Helsinki, Lauttasaari, Isokaari 5",http://www.vuokraovi.com//vuokra-asunto/helsinki/lauttasaari/kerrostalo/yksio/178794,60.15749019999999,24.8701033,Kiinteistotahkola | Vuokra-asunnot,None,None
178748,"rivitalo, 71 m2 | 3h+k+s",1300.0,"Espoo, Nuotiopiha 2",http://www.vuokraovi.com//vuokra-asunto/espoo/rivitalo/kolmio/178748,60.2113288,24.806394,"TA-Asunnot Oy, Espoo",None,None
178749,"luhtitalo, 58 m2 | 2h+k+s",910.0,"Espoo, Jarvenpera, Aurorankuja 5",http://www.vuokraovi.com//vuokra-asunto/espoo/jarvenpera/luhtitalo/kaksio/178749,60.23725270000001,24.7027986,"TA-Asunnot Oy, Espoo",None,None
178750,"rivitalo, 77, 5 m2 | 3h+k+s",1300.0,"Espoo, Puolarmetsa, Malminhaankuja 9",http://www.vuokraovi.com//vuokra-asunto/espoo/puolarmetsa/rivitalo/kolmio/178750,60.1759285,24.689084,"TA-Asunnot Oy, Espoo",None,None
178751,"luhtitalo, 45 m2 | 2h+kk+s",870.0,"Espoo, Tontunmaki, Nokitontunkuja 2",http://www.vuokraovi.com//vuokra-asunto/espoo/tontunmaki/luhtitalo/kaksio/178751,60.1752179,24.7767024,"TA-Asunnot Oy, Espoo",None,None
178724,"kerrostalo, 40, 9 m2 | 2h+kk",995.0,"Helsinki, Kallio, Castreninkatu 3",http://www.vuokraovi.com//vuokra-asunto/helsinki/kallio/kerrostalo/kaksio/178724,60.18419220000001,24.9455893,SATO Vuokraus ja myynti / Helsinki,None,None
178727,"rivitalo, 59, 5 m2 | 2h+k+s",1003.0,"Helsinki, Suutarila, Juhannustie 25",http://www.vuokraovi.com//vuokra-asunto/helsinki/suutarila/rivitalo/kaksio/178727,60.28709970000001,25.017114,SATO Vuokraus ja myynti / Helsinki,None,None
178728,"kerrostalo, 59 m2 | 2h+k",893.0,"Espoo, Soukka, Soukankaari 13",http://www.vuokraovi.com//vuokra-asunto/espoo/soukka/kerrostalo/kaksio/178728,60.1408016,24.6673884,SATO Vuokraus ja myynti / Helsinki,None,None
178730,"kerrostalo, 50 m2 | 2h+kk",922.0,"Helsinki, Pitajanmaki, Piispantie 5",http://www.vuokraovi.com//vuokra-asunto/helsinki/pitajanmaki/kerrostalo/kaksio/178730,60.2296217,24.844869,Agency info missing,None,None
178731,"kerrostalo, 53, 5 m2 | 2h+k",956.0,"Helsinki, Vuosaari, Kivisaarentie 2",http://www.vuokraovi.com//vuokra-asunto/helsinki/vuosaari/kerrostalo/kaksio/178731,60.2200769,25.1394236,SATO Vuokraus ja myynti / Helsinki,None,None
178691,"kerrostalo, 46 m2 | 2h+kk+s+parveke",890.0,"Espoo, Kivenlahti, Meriusva 5 A",http://www.vuokraovi.com//vuokra-asunto/espoo/kivenlahti/kerrostalo/kaksio/178691,60.1550538,24.6355801,Agency info missing,None,None
178702,"kerrostalo, 48, 5 m2 | 2 h, kk, s, parveke",815.0,"Espoo, Rastaspuisto, Tahtimotie 2 A",http://www.vuokraovi.com//vuokra-asunto/espoo/rastaspuisto/kerrostalo/kaksio/178702,60.2321408,24.7798481,Suomen Laatuasunnot Oy,None,None
178704,"kerrostalo, 64 m2 | 3h, k, kph, p",1250.0,"Helsinki, Lauttasaari, Lielahdentie 7 a B",http://www.vuokraovi.com//vuokra-asunto/helsinki/lauttasaari/kerrostalo/kolmio/178704,60.16152169999999,24.8781297,Kiinteistotoimisto Takio LKV [A],None,None
178672,"kerrostalo, 83, 5 m2 | 3H+K",1119.0,"Helsinki, Pitajanmaki, KOKKOKALLIONTIE 1 A",http://www.vuokraovi.com//vuokra-asunto/helsinki/pitajanmaki/kerrostalo/kolmio/178672,60.2285929,24.8501932,Agency info missing,None,None
178663,"kerrostalo, 50, 5 m2 | 2 h + k + s",947.0,"Espoo, Matinkyla, Nelikkotie 2",http://www.vuokraovi.com//vuokra-asunto/espoo/matinkyla/kerrostalo/kaksio/178663,60.1619585,24.7407391,Paakaupunkiseutu Suuromistajien vuokra-asunnot,None,None
178648,"kerrostalo, 35 m2 | 1 h, kt, parveke",872.0,"Helsinki, Sornainen, Paaskylanrinne 8 A",http://www.vuokraovi.com//vuokra-asunto/helsinki/sornainen/kerrostalo/yksio/178648,60.1881862,24.9666316,Suomen Laatuasunnot Oy,None,None
178644,"kerrostalo, 74 m2 | 2H+K+KPH+P",1130.0,"Helsinki, Oulunkyla, Suursuontie 14 A",http://www.vuokraovi.com//vuokra-asunto/helsinki/oulunkyla/kerrostalo/kaksio/178644,60.23395650000001,24.9377215,Smartmove Oy,None,None
178608,"kerrostalo, 50 m2 | 2h, avok., lasitettu parveke",950.0,"Espoo, Matinkyla, Matinpuronkuja 2",http://www.vuokraovi.com//vuokra-asunto/espoo/matinkyla/kerrostalo/kaksio/178608,60.1628376,24.7542227,Paakaupunkiseutu Suuromistajien vuokra-asunnot,None,None
178557,"kerrostalo, 59 m2 | 2 h, k, kh, lasitettu parveke",930.0,"Helsinki, Pohjois-Haaga, Maria Jotunin tie 3",http://www.vuokraovi.com//vuokra-asunto/helsinki/pohjois-haaga/kerrostalo/kaksio/178557,60.22791849999999,24.9005583,Paakaupunkiseutu Yksityisomistajien vuokra-asunnot,None,None
178558,"kerrostalo, 52 m2 | 2h, k, lasitettu parveke",1070.0,"Helsinki, Hermanni, Haukilahdenkuja 13",http://www.vuokraovi.com//vuokra-asunto/helsinki/hermanni/kerrostalo/kaksio/178558,60.1966237,24.971324,Paakaupunkiseutu Suuromistajien vuokra-asunnot,None,None
178494,"erillistalo, 131, 5 m2 | 4h + k + kph + 2 erillista wc:",2500.0,"Helsinki, Yliskyla, Yliskylankaari 17 B",http://www.vuokraovi.com//vuokra-asunto/helsinki/yliskyla/erillistalo/4h/178494,60.18504279999999,25.0546897,Vuokraturva Oy LKV [A],None,None
178437,"kerrostalo, 50 m2 | 1h + k + eteishalli + wc/kph",1290.0,"Helsinki, Kamppi, Simonkatu 10",http://www.vuokraovi.com//vuokra-asunto/helsinki/kamppi/kerrostalo/yksio/178437,60.168823,24.9358855,Agency info missing,None,None
178480,"kerrostalo, 45, 5 m2 | 2h, kk, s, lasitettu parveke",835.0,"Espoo, Suurpelto, Piilipuuntie 21",http://www.vuokraovi.com//vuokra-asunto/espoo/suurpelto/kerrostalo/kaksio/178480,60.1882945,24.7389331,Paakaupunkiseutu Suuromistajien vuokra-asunnot,None,None
178432,"kerrostalo, 17 m2 | 1h + avok + kph",630.0,"Helsinki, Vallila, Makelankatu 10 A",http://www.vuokraovi.com//vuokra-asunto/helsinki/vallila/kerrostalo/yksio/178432,60.1926132,24.9602112,Vuokraturva Oy LKV [A],None,None
178416,"kerrostalo, 47 m2 | 1H+K",1093.0,"Helsinki, Toolo, Mechelininkatu 6",http://www.vuokraovi.com//vuokra-asunto/helsinki/toolo/kerrostalo/yksio/178416,60.1710132,24.9201004,Lumo / VVO-kotikeskus PKS,None,None
178397,"kerrostalo, 85 m2 | 2h+k+halli",1761.77,"Helsinki, Kruununhaka, Liisankatu 14 A 24",http://www.vuokraovi.com//vuokra-asunto/helsinki/kruununhaka/kerrostalo/kaksio/178397,60.1740698,24.955139,Keva,None,None
178393,"omakotitalo, 380 m2 | VILLA;  7r, s, garage, yard",5500.0,"Espoo, Noykkio, Rakentajaintie 7",http://www.vuokraovi.com//vuokra-asunto/espoo/noykkio/omakotitalo/5h+/178393,60.1656079,24.6489694,Celine Oy Ab LKV AFM,None,None
178372,"kerrostalo, 59 m2 | 2 h + k + vh + parveke",850.0,"Espoo, Matinkyla, Liisankuja 4 C",http://www.vuokraovi.com//vuokra-asunto/espoo/matinkyla/kerrostalo/kaksio/178372,60.1533414,24.7438711,Ambiance LKV,None,None
178370,"omakotitalo, 125 m2 | 5h+K+KPH+S+Erill WC+AT+ulkovar",1800.0,"Espoo, Saunalahti, Saunarinne 7",http://www.vuokraovi.com//vuokra-asunto/espoo/saunalahti/omakotitalo/5h+/178370,60.16633760000001,24.6080962,Agency info missing,None,None
178359,"kerrostalo, 76 m2 | 3H+K+S",1181.0,"Helsinki, Malmi, Tilketori 4",http://www.vuokraovi.com//vuokra-asunto/helsinki/malmi/kerrostalo/kolmio/178359,60.2496333,25.0042535,Lumo / VVO-kotikeskus PKS,None,None
178360,"kerrostalo, 60 m2 | 2H+K",1024.0,"Helsinki, Tapulikaupunki, Kasityolaisentie 4-10",http://www.vuokraovi.com//vuokra-asunto/helsinki/tapulikaupunki/kerrostalo/kaksio/178360,60.2732085,25.033676,Lumo / VVO-kotikeskus PKS,None,None
178361,"kerrostalo, 37, 5 m2 | 2H+KK",776.0,"Helsinki, Tapulikaupunki, Kasityolaisentie 4-10",http://www.vuokraovi.com//vuokra-asunto/helsinki/tapulikaupunki/kerrostalo/kaksio/178361,60.2732085,25.033676,Lumo / VVO-kotikeskus PKS,None,None
178343,"rivitalo, 80, 5 m2 | 3H+K+S",1199.0,"Helsinki, Malminkartano, Tuulenpesantie 3",http://www.vuokraovi.com//vuokra-asunto/helsinki/malminkartano/rivitalo/kolmio/178343,60.25248810000001,24.8503,Asokodit,None,None
178302,"kerrostalo, 43 m2 | 1H+KT",928.55,"Espoo, Leppavaara, Linnatullinkatu 1",http://www.vuokraovi.com//vuokra-asunto/espoo/leppavaara/kerrostalo/yksio/178302,60.2189922,24.8083298,Ovenia Isannointi Oy,None,None
178306,"kerrostalo, 70, 5 m2 | 3H+KT+S",1609.99,"Helsinki, Lauttasaari, Vattuniemenkuja 8",http://www.vuokraovi.com//vuokra-asunto/helsinki/lauttasaari/kerrostalo/kolmio/178306,60.1533252,24.8822535,Ovenia Isannointi Oy,None,None
178307,"kerrostalo, 33, 5 m2 | 1H+KK",717.18,"Espoo, Vesirattaanmaki, Vesirattaanmaki 1",http://www.vuokraovi.com//vuokra-asunto/espoo/vesirattaanmaki/kerrostalo/yksio/178307,60.2266801,24.665944,Ovenia Isannointi Oy,None,None
178310,"kerrostalo, 61, 5 m2 | 2H+K+S",859.0,"Espoo, Tuomarila, Tuomarilankatu 1",http://www.vuokraovi.com//vuokra-asunto/espoo/tuomarila/kerrostalo/kaksio/178310,60.20516540000001,24.6839006,"Ovenia Isannointi Oy, Helsinki ( Avara)",None,None
178278,"kerrostalo, 77 m2 | 3h + avok + 2 x kph + vh + 2x",1195.0,"Espoo, Saunalahti, Myotatuulenmaki 1 A",http://www.vuokraovi.com//vuokra-asunto/espoo/saunalahti/kerrostalo/kolmio/178278,60.1629001,24.6160642,Vuokraturva Oy LKV [A],None,None
178269,"kerrostalo, 59 m2 | 2 h, kk, sauna, ransk.parveke",1289.0,"Helsinki, Kamppi, Eerikinkatu 41",http://www.vuokraovi.com//vuokra-asunto/helsinki/kamppi/kerrostalo/kaksio/178269,60.1638959,24.9255666,Paakaupunkiseutu Yksityisomistajien vuokra-asunnot,None,None
178237,"kerrostalo, 49 m2 | 2h+kk+s+p",890.0,"Espoo, Joupinmaenrinne 3 A",http://www.vuokraovi.com//vuokra-asunto/espoo/kerrostalo/kaksio/178237,60.2027005,24.6748563,Kristiina Hyvattinen LKV,None,None
178217,"kerrostalo, 49 m2 | 2h+kk+s",1059.0,"Helsinki, Pitajanmaki, Takomotie 21",http://www.vuokraovi.com//vuokra-asunto/helsinki/pitajanmaki/kerrostalo/kaksio/178217,60.21836680000001,24.8733615,SATO Vuokraus ja myynti / Helsinki,None,None
178218,"kerrostalo, 30, 5 m2 | 1h+kk",772.0,"Espoo, Vallikallio, Vallikatu 17",http://www.vuokraovi.com//vuokra-asunto/espoo/vallikallio/kerrostalo/yksio/178218,60.22885400000001,24.8160233,Agency info missing,None,None
178219,"kerrostalo, 61 m2 | 2h+k",1220.0,"Helsinki, Pikku Huopalahti, Tilkankatu 2",http://www.vuokraovi.com//vuokra-asunto/helsinki/pikku+huopalahti/kerrostalo/kaksio/178219,60.2036531,24.8954617,SATO Vuokraus ja myynti / Helsinki,None,None
178220,"kerrostalo, 40 m2 | 2h+kk+s",974.0,"Espoo, Leppavaara, Rummunlyojankatu 11 D-E",http://www.vuokraovi.com//vuokra-asunto/espoo/leppavaara/kerrostalo/kaksio/178220,60.21903039999999,24.8052443,SATO Vuokraus ja myynti / Helsinki,None,None
178224,"kerrostalo, 51 m2 | 2h+kk+s",960.0,"Espoo, Soukka, Soukankaari 12",http://www.vuokraovi.com//vuokra-asunto/espoo/soukka/kerrostalo/kaksio/178224,60.140051,24.6680776,Agency info missing,None,None
178198,"kerrostalo, 67 m2 | 3h, kt, s, lasitettu parveke",1215.0,"Helsinki, Herttoniemi, Hitsaajankatu 7",http://www.vuokraovi.com//vuokra-asunto/helsinki/herttoniemi/kerrostalo/kolmio/178198,60.19234220000001,25.0280238,Paakaupunkiseutu Suuromistajien vuokra-asunnot,None,None
178200,"kerrostalo, 75 m2 | 3h, kt, s, lasitettu parveke",1430.0,"Helsinki, Herttoniemi, Hitsaajankatu 7",http://www.vuokraovi.com//vuokra-asunto/helsinki/herttoniemi/kerrostalo/kolmio/178200,60.19234220000001,25.0280238,Paakaupunkiseutu Suuromistajien vuokra-asunnot,None,None
178204,"kerrostalo, 45 m2 | 2h, kt, s, lasitettu parveke",879.0,"Helsinki, Herttoniemi, Hitsaajankatu 7",http://www.vuokraovi.com//vuokra-asunto/helsinki/herttoniemi/kerrostalo/kaksio/178204,60.19234220000001,25.0280238,Paakaupunkiseutu Suuromistajien vuokra-asunnot,None,None
178205,"kerrostalo, 44, 5 m2 | 2h, kt, sparveke",948.0,"Helsinki, Herttoniemi, Hitsaajankatu 7",http://www.vuokraovi.com//vuokra-asunto/helsinki/herttoniemi/kerrostalo/kaksio/178205,60.19234220000001,25.0280238,Paakaupunkiseutu Suuromistajien vuokra-asunnot,None,None
178208,"kerrostalo, 71, 5 m2 | 3h, kt, s, lasitettu parveke",1289.0,"Helsinki, Herttoniemi, Hitsaajankatu 7",http://www.vuokraovi.com//vuokra-asunto/helsinki/herttoniemi/kerrostalo/kolmio/178208,60.19234220000001,25.0280238,Paakaupunkiseutu Suuromistajien vuokra-asunnot,None,None
178190,"kerrostalo, 76 m2 | 3h, k, kph, p",1833.0,"Espoo, Iivisniemi, Iivisniementie 2",http://www.vuokraovi.com//vuokra-asunto/espoo/iivisniemi/kerrostalo/kolmio/178190,60.1489874,24.6953579,Majoituspalvelu Forenom Oy,None,None
178180,"kerrostalo, 60 m2 | 2H+K",923.0,"Helsinki, Kontula, Tanhuantie 1",http://www.vuokraovi.com//vuokra-asunto/helsinki/kontula/kerrostalo/kaksio/178180,60.23607679999999,25.0948781,Lumo / VVO-kotikeskus PKS,None,None
178176,"kerrostalo, 51, 5 m2 | 2H+KT",924.0,"Espoo, Espoonlahti, Ulappakatu 1 G",http://www.vuokraovi.com//vuokra-asunto/espoo/espoonlahti/kerrostalo/kaksio/178176,60.1508655,24.6550839,Newsec Asset Management  Oy,None,None
178179,"kerrostalo, 49 m2 | 2H+KK",920.0,"Helsinki, Rastila, Retkeilijankatu 7 A",http://www.vuokraovi.com//vuokra-asunto/helsinki/rastila/kerrostalo/kaksio/178179,60.205602,25.12218,Newsec Asset Management  Oy,None,None
178155,"kerrostalo, 53 m2 | 2h+avokeittio",1145.0,"Helsinki, Lauttasaari, Otavantie 5",http://www.vuokraovi.com//vuokra-asunto/helsinki/lauttasaari/kerrostalo/kaksio/178155,60.158328,24.8796405,Agency info missing,None,None
178114,"kerrostalo, 63, 5 m2 | 3h + k + kph + p",1050.0,"Helsinki, Lassila, Laurinniityntie 6-8 C",http://www.vuokraovi.com//vuokra-asunto/helsinki/lassila/kerrostalo/kolmio/178114,60.23257760000001,24.8813501,Vuokraturva Oy LKV [A],None,None
178082,"kerrostalo, 58 m2 | FURNISHED 2 rooms",1350.0,"Helsinki, Toolo, Valhallankatu 12-14 A",http://www.vuokraovi.com//vuokra-asunto/helsinki/toolo/kerrostalo/kaksio/178082,60.1846671,24.9127003,Celine Oy Ab LKV AFM,None,None
177983,"kerrostalo, 70, 5 m2 | 3h+k+s+parveke",1269.0,"Helsinki, Herttoniemi, Abraham Wetterin tie 16 A 18",http://www.vuokraovi.com//vuokra-asunto/helsinki/herttoniemi/kerrostalo/kolmio/177983,60.19314250000001,25.046611,Keva,None,None
177965,"kerrostalo, 22 m2 | 1h + avok + kph",630.0,"Helsinki, Kallio, Helsinginkuja 2 E",http://www.vuokraovi.com//vuokra-asunto/helsinki/kallio/kerrostalo/yksio/177965,60.1876737,24.9555829,Vuokraturva Oy LKV [A],None,None
178099,"kerrostalo, 36, 5 m2 | 2 h + k",750.0,"Espoo, Soukka, Soukanahde 8 A 18",http://www.vuokraovi.com//vuokra-asunto/espoo/soukka/kerrostalo/kaksio/178099,60.1404078,24.6746775,Agency info missing,None,None
177885,"kerrostalo, 43 m2 | 2h + avok + kph + lasitettu p",830.0,"Espoo, Matinkyla, Matinniitty 1 B",http://www.vuokraovi.com//vuokra-asunto/espoo/matinkyla/kerrostalo/kaksio/177885,60.1597194,24.7460109,Agency info missing,None,None
177862,"kerrostalo, 40 m2 | 2h + kk",890.0,"Helsinki, Hermanni, Helminkatu 8 B 21",http://www.vuokraovi.com//vuokra-asunto/helsinki/hermanni/kerrostalo/kaksio/177862,60.1976397,24.964201,Agency info missing,None,None
177860,"kerrostalo, 54 m2 | 2h, avok., sauna, lasitettu pa",1020.0,"Espoo, Matinkyla, Matinpuronkuja 2",http://www.vuokraovi.com//vuokra-asunto/espoo/matinkyla/kerrostalo/kaksio/177860,60.1628376,24.7542227,Paakaupunkiseutu Suuromistajien vuokra-asunnot,None,None
177851,"kerrostalo, 44 m2 | 2h, kt, s, lasitettu parveke",1056.0,"Espoo, Tapiola, Elosalamantie 3 A 10",http://www.vuokraovi.com//vuokra-asunto/espoo/tapiola/kerrostalo/kaksio/177851,60.1715391,24.8079678,Paakaupunkiseutu Suuromistajien vuokra-asunnot,None,None
177830,"kerrostalo, 38, 5 m2 | 2h, kt, s, lasitettu parveke",963.0,"Espoo, Tapiola, Elosalamantie 3 A 7",http://www.vuokraovi.com//vuokra-asunto/espoo/tapiola/kerrostalo/kaksio/177830,60.1715391,24.8079678,Paakaupunkiseutu Suuromistajien vuokra-asunnot,None,None
177831,"kerrostalo, 39, 5 m2 | 2h, kt, s, lasitettu parveke",988.0,"Espoo, Tapiola, Elosalamantie 3 A 25",http://www.vuokraovi.com//vuokra-asunto/espoo/tapiola/kerrostalo/kaksio/177831,60.1715391,24.8079678,Paakaupunkiseutu Suuromistajien vuokra-asunnot,None,None
177805,"kerrostalo, 44 m2 | 2h + k + kph",945.0,"Helsinki, Meilahti, Mannerheimintie 120 A",http://www.vuokraovi.com//vuokra-asunto/helsinki/meilahti/kerrostalo/kaksio/177805,60.1923825,24.9095015,Vuokraturva Oy LKV [A],None,None
177793,"kerrostalo, 41, 5 m2 | 2h, avok., lasitettu parveke",880.0,"Espoo, Matinkyla, Matinpuronkuja 2 D 24",http://www.vuokraovi.com//vuokra-asunto/espoo/matinkyla/kerrostalo/kaksio/177793,60.1628376,24.7542227,Paakaupunkiseutu Suuromistajien vuokra-asunnot,None,None
177786,"autohallipaikka, 0 m2 | autohallipaikka",150.0,"Helsinki, Kamppi, Kalevankatu 61",http://www.vuokraovi.com//vuokra-asunto/helsinki/kamppi/autohallipaikka/yksio/177786,60.16253690000001,24.9239712,Kiinteistotoimisto Takio LKV [A],None,None
177781,"kerrostalo, 54, 9 m2 | 2 h + k+ s",1020.0,"Helsinki, Katajanokka, Kruunuvuorenkatu 1 C",http://www.vuokraovi.com//vuokra-asunto/helsinki/katajanokka/kerrostalo/kaksio/177781,60.16762619999999,24.9626034,Kiinteistonvalitysliike Asuntotuomarit Oy,None,None
177778,"kerrostalo, 38, 5 m2 | 2h, avok, s",850.0,"Espoo, Vallikallio, Vallikatu 15",http://www.vuokraovi.com//vuokra-asunto/espoo/vallikallio/kerrostalo/kaksio/177778,60.22880379999999,24.8175093,"Kiinteistomaailma |  Confidence m2 Oy, Espoo",None,None
177738,"kerrostalo, 42, 5 m2 | 2 h+kk",960.0,"Helsinki, Punavuori, Annankatu 4 A",http://www.vuokraovi.com//vuokra-asunto/helsinki/punavuori/kerrostalo/kaksio/177738,60.163154,24.9418764,Kiinteistonvalitysliike Asuntotuomarit Oy,None,None
177688,"kerrostalo, 69 m2 | 3h+kk+s, lasitettu parveke",1300.0,"Espoo, Makkyla, Adjutantinkatu 3",http://www.vuokraovi.com//vuokra-asunto/espoo/makkyla/kerrostalo/kolmio/177688,60.22170629999999,24.8348804,Paakaupunkiseutu Suuromistajien vuokra-asunnot,None,None
177690,"kerrostalo, 45, 5 m2 | 2h, kk, lparveke",975.0,"Espoo, Haukilahti, Pitkankalliontie 9",http://www.vuokraovi.com//vuokra-asunto/espoo/haukilahti/kerrostalo/kaksio/177690,60.1577266,24.7787489,Paakaupunkiseutu Suuromistajien vuokra-asunnot,None,None
177638,"kerrostalo, 90, 5 m2 | 4h, k, lasitettu parveke",1390.0,"Espoo, Haukilahti, Hauenkalliontie 12-14",http://www.vuokraovi.com//vuokra-asunto/espoo/haukilahti/kerrostalo/4h/177638,60.1623434,24.7689668,Paakaupunkiseutu Suuromistajien vuokra-asunnot,None,None
177639,"kerrostalo, 52, 5 m2 | 2h, k, kph, lasitettu parveke",902.0,"Espoo, Haukilahti, Kiiskeneva 2",http://www.vuokraovi.com//vuokra-asunto/espoo/haukilahti/kerrostalo/kaksio/177639,60.1646512,24.7759257,Paakaupunkiseutu Suuromistajien vuokra-asunnot,None,None
177621,"kerrostalo, 47 m2 | 2h, kk, kph, p",890.0,"Helsinki, Ruskeasuo, Koroistentie 15 B",http://www.vuokraovi.com//vuokra-asunto/helsinki/ruskeasuo/kerrostalo/kaksio/177621,60.20235280000001,24.902143,Kiinteistotoimisto Takio LKV [A],None,None
177615,"kerrostalo, 79, 5 m2 | 3h + k + kph + wc + lasitettu",1245.0,"Helsinki, Ruoholahti, Santakatu 1 D",http://www.vuokraovi.com//vuokra-asunto/helsinki/ruoholahti/kerrostalo/kolmio/177615,60.1628653,24.9195124,Vuokraturva Oy LKV [A],None,None
177616,"kerrostalo, 41 m2 | 2h + kk + kph + vh + p",950.0,"Helsinki, Vuosaari, Isonvillasaarentie 8 K",http://www.vuokraovi.com//vuokra-asunto/helsinki/vuosaari/kerrostalo/kaksio/177616,60.2207456,25.1436011,Vuokraturva Oy LKV [A],None,None
177557,"rivitalo, 30 m2 | 1h + kk + kph + wc + s",550.0,"Espoo, Kuninkainen, Kuninkaistenportti 11",http://www.vuokraovi.com//vuokra-asunto/espoo/kuninkainen/rivitalo/yksio/177557,60.2236642,24.7752548,Vuokraturva Oy LKV [A],None,None
177531,"rivitalo, 78, 5 m2 | 3-4h+k+vh+s",1196.0,"Espoo, Espoonlahti, Puosunrinne 1 B",http://www.vuokraovi.com//vuokra-asunto/espoo/espoonlahti/rivitalo/kolmio/177531,60.14952,24.6458048,Agency info missing,None,None
177458,"kerrostalo, 51 m2 | 2h+k",1040.0,"Helsinki, Puotila, Rantakartanontie 19",http://www.vuokraovi.com//vuokra-asunto/helsinki/puotila/kerrostalo/kaksio/177458,60.2156992,25.0979411,SATO Vuokraus ja myynti / Helsinki,None,None
177460,"kerrostalo, 63 m2 | 3h+k",1390.0,"Helsinki, Pajamaki, Pajamaentie 7",http://www.vuokraovi.com//vuokra-asunto/helsinki/pajamaki/kerrostalo/kolmio/177460,60.2189578,24.8566622,SATO Vuokraus ja myynti / Helsinki,None,None
177466,"kerrostalo, 60 m2 | 2h+k",998.0,"Helsinki, Malmi, Piilikuja 4",http://www.vuokraovi.com//vuokra-asunto/helsinki/malmi/kerrostalo/kaksio/177466,60.2543683,25.0141564,SATO Vuokraus ja myynti / Helsinki,None,None
177443,"kerrostalo, 49 m2 | 2h + avok + kph",1150.0,"Helsinki, Kamppi, Eerikinkatu 23 D",http://www.vuokraovi.com//vuokra-asunto/helsinki/kamppi/kerrostalo/kaksio/177443,60.16560459999999,24.9304098,Vuokraturva Oy LKV [A],None,None
177433,"kerrostalo, 28 m2 | 1 h, ks, parvi, kh",690.0,"Helsinki, Kallio, Vaasankatu 20b",http://www.vuokraovi.com//vuokra-asunto/helsinki/kallio/kerrostalo/yksio/177433,60.18826079999999,24.953846,Agency info missing,None,None
177409,"kerrostalo, 52, 5 m2 | 2h, avokeittio, sauna, lasitet",1050.0,"Espoo, Haukilahti, Hauenkalliontie 12-14",http://www.vuokraovi.com//vuokra-asunto/espoo/haukilahti/kerrostalo/kaksio/177409,60.1623434,24.7689668,Paakaupunkiseutu Suuromistajien vuokra-asunnot,None,None
177372,"kerrostalo, 52 m2 | 2h+kk+s+ap",1383.0,"Espoo, Tapiola, Tuulikuja 4",http://www.vuokraovi.com//vuokra-asunto/espoo/tapiola/kerrostalo/kaksio/177372,60.1713438,24.8007668,SATO Vuokraus ja myynti / Helsinki,None,None
177366,"kerrostalo, 70, 5 m2 | 3h, avok., vh, sauna, lasitett",1280.0,"Espoo, Matinkyla, Matinpuronkuja 2D",http://www.vuokraovi.com//vuokra-asunto/espoo/matinkyla/kerrostalo/kolmio/177366,60.1628376,24.7542227,Paakaupunkiseutu Suuromistajien vuokra-asunnot,None,None
177368,"kerrostalo, 68 m2 | 3h, k, vh, lasitettu parveke",1172.0,"Espoo, Haukilahti, Hauenkalliontie 12-14",http://www.vuokraovi.com//vuokra-asunto/espoo/haukilahti/kerrostalo/kolmio/177368,60.1623434,24.7689668,Paakaupunkiseutu Suuromistajien vuokra-asunnot,None,None
177334,"kerrostalo, 49, 5 m2 | 2h+kt",842.0,"Espoo, Kilo, Nihtitorpankuja 5 A",http://www.vuokraovi.com//vuokra-asunto/espoo/kilo/kerrostalo/kaksio/177334,60.2054911,24.6559001,Newsec Asset Management  Oy,None,None
177338,"kerrostalo, 57 m2 | 2h+kt",958.0,"Espoo, Kilo, Nihtitorpankuja 5 A",http://www.vuokraovi.com//vuokra-asunto/espoo/kilo/kerrostalo/kaksio/177338,60.2054911,24.6559001,Newsec Asset Management  Oy,None,None
177324,"kerrostalo, 27 m2 | 1h+k+kph+parveke",890.0,"Helsinki, Ullanlinna, Kasarmikatu 1",http://www.vuokraovi.com//vuokra-asunto/helsinki/ullanlinna/kerrostalo/yksio/177324,60.1599616,24.9486717,Agency info missing,None,None
177233,"kerrostalo, 69 m2 | 3h+k",1008.0,"Helsinki, Malminkartano, Pihkatie 6 F 61",http://www.vuokraovi.com//vuokra-asunto/helsinki/malminkartano/kerrostalo/kolmio/177233,60.2523235,24.8560735,Helsingin kaupunki / Kiinteistovirasto / Asunto-osasto,None,None
177193,"kerrostalo, 83 m2 | 3h+k+vh",1380.0,"Helsinki, Kivikko, Muinaisrannantie 3",http://www.vuokraovi.com//vuokra-asunto/helsinki/kivikko/kerrostalo/kolmio/177193,60.17332440000001,24.9410248,"TA-Asunnot Oy, Espoo",None,None
177180,"kerrostalo, 70 m2 | 3h, k, kph, erillinen wc, p",1140.0,"Helsinki, Etela-Haaga, Riistavuorenkuja 3 B",http://www.vuokraovi.com//vuokra-asunto/helsinki/etela-haaga/kerrostalo/kolmio/177180,60.2192408,24.8872295,Habita Itakeskus / Helsingin Habita Oy,None,None
177161,"kerrostalo, 42 m2 | 2h + avok + s + p",950.0,"Espoo, Espoonlahti, Merivalkama  22 A",http://www.vuokraovi.com//vuokra-asunto/espoo/espoonlahti/kerrostalo/kaksio/177161,60.1519731,24.6293399,Vuokraturva Oy LKV [A],None,None
177030,"kerrostalo, 78 m2 | 3 h, k, kph, wc, parv.",1270.0,"Espoo, Haukilahti, Toppelundintie 3 A",http://www.vuokraovi.com//vuokra-asunto/espoo/haukilahti/kerrostalo/kolmio/177030,60.15956519999999,24.7875741,West-House LKV [A],None,None
176983,"kerrostalo, 59, 5 m2 | 2h+k",980.0,"Helsinki, Pukinmaki, Erkki Melartinin tie 1",http://www.vuokraovi.com//vuokra-asunto/helsinki/pukinmaki/kerrostalo/kaksio/176983,60.2462323,24.9888487,SATO Vuokraus ja myynti / Helsinki,None,None
176985,"kerrostalo, 41 m2 | 1h+k",849.0,"Espoo, Tapiola, Kaskenkaatajantie 5",http://www.vuokraovi.com//vuokra-asunto/espoo/tapiola/kerrostalo/yksio/176985,60.1804031,24.7927449,SATO Vuokraus ja myynti / Helsinki,None,None
176988,"kerrostalo, 59 m2 | 2h+k",1037.0,"Espoo, Karakallio, Kotkatie 6",http://www.vuokraovi.com//vuokra-asunto/espoo/karakallio/kerrostalo/kaksio/176988,60.2300434,24.7621844,SATO Vuokraus ja myynti / Helsinki,None,None
176990,"kerrostalo, 38 m2 | 1h+kk+alk",915.0,"Helsinki, Maunula, Suopellonkaari 61",http://www.vuokraovi.com//vuokra-asunto/helsinki/maunula/kerrostalo/yksio/176990,60.17332440000001,24.9410248,SATO Vuokraus ja myynti / Helsinki,None,None
176981,"kerrostalo, 53 m2 | 2h, k, kh",890.0,"Helsinki, Etela-Haaga, Sankaritie 9",http://www.vuokraovi.com//vuokra-asunto/helsinki/etela-haaga/kerrostalo/kaksio/176981,60.214558,24.9015112,Paakaupunkiseutu Yksityisomistajien vuokra-asunnot,None,None
176977,"kerrostalo, 50 m2 | 2h, k, kph, vh, lasitettu parv",1200.0,"Helsinki, Ullanlinna, Vuorimiehenkatu 31 A",http://www.vuokraovi.com//vuokra-asunto/helsinki/ullanlinna/kerrostalo/kaksio/176977,60.1593493,24.9444932,"JYA Housing LKV, Paakaupunkiseutu",None,None
176976,"kerrostalo, 53 m2 | 2h, ak, kph, wc",2387.0,"Helsinki, Albertinkatu 31",http://www.vuokraovi.com//vuokra-asunto/helsinki/kerrostalo/kaksio/176976,60.16509790000001,24.9324138,Majoituspalvelu Forenom Oy,None,None
176964,"kerrostalo, 38, 5 m2 | 2h+kt",790.0,"Espoo, Espoon keskus, Valakuja 2 C",http://www.vuokraovi.com//vuokra-asunto/espoo/espoon+keskus/kerrostalo/kaksio/176964,60.2031927,24.661925,Newsec Asset Management  Oy,None,None
176965,"kerrostalo, 56 m2 | 2h+kk+s",990.0,"Espoo, Espoon keskus, Valakuja 2 D",http://www.vuokraovi.com//vuokra-asunto/espoo/espoon+keskus/kerrostalo/kaksio/176965,60.2031927,24.661925,Newsec Asset Management  Oy,None,None
176968,"kerrostalo, 49 m2 | 2H+KK",920.0,"Helsinki, Rastila, Retkeilijankatu 3 A",http://www.vuokraovi.com//vuokra-asunto/helsinki/rastila/kerrostalo/kaksio/176968,60.20592319999999,25.1204993,Newsec Asset Management  Oy,None,None
176923,"kerrostalo, 53 m2 | 2h, avok., lasitettu parveke",955.0,"Espoo, Olari, Piispanpiha 5",http://www.vuokraovi.com//vuokra-asunto/espoo/olari/kerrostalo/kaksio/176923,60.1645007,24.7333022,Paakaupunkiseutu Suuromistajien vuokra-asunnot,None,None
176898,"kerrostalo, 68, 5 m2 | 3h, k, s, lasitettu parveke",1275.0,"Espoo, Laaksolahti, Rastasniityntie 1",http://www.vuokraovi.com//vuokra-asunto/espoo/laaksolahti/kerrostalo/kolmio/176898,60.23332929999999,24.7529177,Paakaupunkiseutu Suuromistajien vuokra-asunnot,None,None
176841,"paritalo, 179 m2 | 6H+K+RT+S+KHH+2KPH+2WC",3500.0,"Helsinki, Kuusisaari, Krogiuksentie 11",http://www.vuokraovi.com//vuokra-asunto/helsinki/kuusisaari/paritalo/5h+/176841,60.1848693,24.8621542,Smartmove Oy,None,None
176880,"kerrostalo, 56 m2 | 2h, k, parv.",950.0,"Espoo, Iivisniemi, Iivisniemenkatu 4",http://www.vuokraovi.com//vuokra-asunto/espoo/iivisniemi/kerrostalo/kaksio/176880,60.14897680000001,24.6908472,"Kiinteistomaailma | Espoo,  Espoon Kodit Oy LKV, Kauppakeskus Lippulaiva",None,None
176874,"kerrostalo, 58 m2 | 3h, avok., vh, lasitettu parveke",1007.0,"Espoo, Laaksolahti, Rastasniityntie 1",http://www.vuokraovi.com//vuokra-asunto/espoo/laaksolahti/kerrostalo/kolmio/176874,60.23332929999999,24.7529177,Paakaupunkiseutu Suuromistajien vuokra-asunnot,None,None
176875,"kerrostalo, 74 m2 | 3h, k, s, lasitettu parveke",1221.0,"Helsinki, Konala, Ristipellontie 6",http://www.vuokraovi.com//vuokra-asunto/helsinki/konala/kerrostalo/kolmio/176875,60.2386042,24.8519191,Paakaupunkiseutu Suuromistajien vuokra-asunnot,None,None
176862,"kerrostalo, 74 m2 | 3h + k + kph + vh + lasitettu",990.0,"Espoo, Matinkyla, Elsankuja 5 D",http://www.vuokraovi.com//vuokra-asunto/espoo/matinkyla/kerrostalo/kolmio/176862,60.15623290000001,24.742512,Vuokraturva Oy LKV [A],None,None
176843,"kerrostalo, 80 m2 | 2H+K+KPH",1350.0,"Helsinki, Siltasaari, Saastopankinranta 4 D",http://www.vuokraovi.com//vuokra-asunto/helsinki/siltasaari/kerrostalo/kaksio/176843,60.1792656,24.9480233,Smartmove Oy,None,None
176826,"kerrostalo, 58, 5 m2 | 2H+K",1042.0,"Helsinki, Tapulikaupunki, Kasityolaisentie 4-10",http://www.vuokraovi.com//vuokra-asunto/helsinki/tapulikaupunki/kerrostalo/kaksio/176826,60.2732085,25.033676,Lumo / VVO-kotikeskus PKS,None,None
176827,"kerrostalo, 38 m2 | 1H+K",843.0,"Helsinki, Tapulikaupunki, Kasityolaisentie 4-10",http://www.vuokraovi.com//vuokra-asunto/helsinki/tapulikaupunki/kerrostalo/yksio/176827,60.2732085,25.033676,Lumo / VVO-kotikeskus PKS,None,None
176828,"kerrostalo, 92 m2 | 4H+K",1471.0,"Helsinki, Tapulikaupunki, Kasityolaisentie 4-10",http://www.vuokraovi.com//vuokra-asunto/helsinki/tapulikaupunki/kerrostalo/4h/176828,60.2732085,25.033676,Lumo / VVO-kotikeskus PKS,None,None
176765,"kerrostalo, 132, 5 m2 | 4h + k + kph + wc + s + lasite",1790.0,"Espoo, Kivenlahti, Meriusva 5 A",http://www.vuokraovi.com//vuokra-asunto/espoo/kivenlahti/kerrostalo/4h/176765,60.1550538,24.6355801,Vuokraturva Oy LKV [A],None,None
176754,"kerrostalo, 70 m2 | 2h + keittio + sauna",1690.0,"Helsinki, Punavuori, Iso Roobertinkatu 7 A 5 B",http://www.vuokraovi.com//vuokra-asunto/helsinki/punavuori/kerrostalo/kaksio/176754,60.1637954,24.9426317,Agency info missing,None,None
176746,"kerrostalo, 53 m2 | 2h, k, lasitettu parveke",902.0,"Espoo, Haukilahti, Hauenkalliontie 12-14",http://www.vuokraovi.com//vuokra-asunto/espoo/haukilahti/kerrostalo/kaksio/176746,60.1623434,24.7689668,Paakaupunkiseutu Suuromistajien vuokra-asunnot,None,None
176747,"kerrostalo, 51, 5 m2 | 2 h, avok., s",990.0,"Espoo, Haukilahti, Hauenkalliontie 12-14",http://www.vuokraovi.com//vuokra-asunto/espoo/haukilahti/kerrostalo/kaksio/176747,60.1623434,24.7689668,Paakaupunkiseutu Suuromistajien vuokra-asunnot,None,None
176721,"kerrostalo, 62 m2 | 2h+k",959.0,"Espoo, Laajalahti, Heinjoenpolku 2 A-J",http://www.vuokraovi.com//vuokra-asunto/espoo/laajalahti/kerrostalo/kaksio/176721,60.2035545,24.802476,SATO Vuokraus ja myynti / Helsinki,None,None
176725,"kerrostalo, 57, 5 m2 | 2h+k",1189.0,"Helsinki, Pikku Huopalahti, Tilkankatu 6",http://www.vuokraovi.com//vuokra-asunto/helsinki/pikku+huopalahti/kerrostalo/kaksio/176725,60.2030751,24.8942589,SATO Vuokraus ja myynti / Helsinki,None,None
176710,"kerrostalo, 77 m2 | 2-3h, k, kh, s, p",1850.0,"Helsinki, Toolo, Dobelninkatu 3",http://www.vuokraovi.com//vuokra-asunto/helsinki/toolo/kerrostalo/kolmio/176710,60.1780427,24.9237659,Paakaupunkiseutu Yksityisomistajien vuokra-asunnot,None,None
176695,"kerrostalo, 59 m2 | 2h+k+s",982.0,"Helsinki, Malminkartano, Juustenintie 4 B",http://www.vuokraovi.com//vuokra-asunto/helsinki/malminkartano/kerrostalo/kaksio/176695,60.24439779999999,24.8677771,Newsec Asset Management  Oy,None,None
176693,"kerrostalo, 52, 5 m2 | 2h, k, vh, lasitettu parveke",890.0,"Espoo, Haukilahti, Kiiskeneva 2",http://www.vuokraovi.com//vuokra-asunto/espoo/haukilahti/kerrostalo/kaksio/176693,60.1646512,24.7759257,Paakaupunkiseutu Suuromistajien vuokra-asunnot,None,None
176641,"rivitalo, 120 m2 | 4h, k, 2wc, s, kph, askartelutila",1440.0,"Espoo, Soukka, Kartanonkuja",http://www.vuokraovi.com//vuokra-asunto/espoo/soukka/rivitalo/5h+/176641,60.1351533,24.66632,Agency info missing,None,None
176626,"kerrostalo, 71, 5 m2 | 3h, avok., sauna, lasitettu parve",1173.0,"Espoo, Espoonlahti, Ulappakatu 1",http://www.vuokraovi.com//vuokra-asunto/espoo/espoonlahti/kerrostalo/kolmio/176626,60.1508655,24.6550839,Paakaupunkiseutu Suuromistajien vuokra-asunnot,None,None
176576,"kerrostalo, 56, 5 m2 | 2h + k + kph + vh + p",820.0,"Espoo, Haukilahti, Kuhatie 12-18 C",http://www.vuokraovi.com//vuokra-asunto/espoo/haukilahti/kerrostalo/kaksio/176576,60.16392510000001,24.7713645,Vuokraturva Oy LKV [A],None,None
176577,"kerrostalo, 60 m2 | 3h + kk + vh + lasitettu p",950.0,"Helsinki, Konala, Kolsarintie 9 A",http://www.vuokraovi.com//vuokra-asunto/helsinki/konala/kerrostalo/kolmio/176577,60.2354408,24.8513586,Vuokraturva Oy LKV [A],None,None
176551,"kerrostalo, 37, 5 m2 | 2h+kt",780.0,"Espoo, Espoon keskus, Valakuja 2 B",http://www.vuokraovi.com//vuokra-asunto/espoo/espoon+keskus/kerrostalo/kaksio/176551,60.2031927,24.661925,Newsec Asset Management  Oy,None,None
176503,"kerrostalo, 100, 5 m2 | 4h + k + kph + s + lasitettu p",1790.0,"Espoo, Leppavaara, Leppavaarankatu 12 as.",http://www.vuokraovi.com//vuokra-asunto/espoo/leppavaara/kerrostalo/4h/176503,60.2169587,24.8096488,Vuokraturva Oy LKV [A],None,None
176462,"kerrostalo, 60, 5 m2 | 3h + kk + kph",1450.0,"Helsinki, Etu-Toolo, Apollonkatu 5 B",http://www.vuokraovi.com//vuokra-asunto/helsinki/etu-toolo/kerrostalo/kolmio/176462,60.1758683,24.9268751,Vuokraturva Oy LKV [A],None,None
176451,"kerrostalo, 55 m2 | 2h+k+kph",900.0,"Helsinki, Lauttasaari, Lauttasaarentie 35 A",http://www.vuokraovi.com//vuokra-asunto/helsinki/lauttasaari/kerrostalo/kaksio/176451,60.1606601,24.879126,Meidan Koti Oy LKV,None,None
176450,"kerrostalo, 51 m2 | 2H+KK+S",912.0,"Espoo, Matinkyla, Puntaritie 5",http://www.vuokraovi.com//vuokra-asunto/espoo/matinkyla/kerrostalo/kaksio/176450,60.161721,24.7347627,Ovenia (co. Keskinainen Elakevakuutusyhtio Ilmarinen),None,None
176419,"kerrostalo, 58 m2 | KALUSTETTU 3H+K+KPH+P",1250.0,"Helsinki, Lauttasaari, Hakolahdentie 11 B",http://www.vuokraovi.com//vuokra-asunto/helsinki/lauttasaari/kerrostalo/kolmio/176419,60.15600999999999,24.8686017,Smartmove Oy,None,None
176372,"kerrostalo, 85, 5 m2 | 4h, k, s, lasitettu parveke",1610.0,"Helsinki, Arabiankatu 4 C 78",http://www.vuokraovi.com//vuokra-asunto/helsinki/kerrostalo/4h/176372,60.20681990000001,24.9769599,Paakaupunkiseutu Suuromistajien vuokra-asunnot,None,None
176361,"kerrostalo, 46, 5 m2 | 2 h, kt",1115.0,"Helsinki, Sornainen, Paaskylanrinne 8 A",http://www.vuokraovi.com//vuokra-asunto/helsinki/sornainen/kerrostalo/kaksio/176361,60.1881862,24.9666316,Suomen Laatuasunnot Oy,None,None
176294,"kerrostalo, 49 m2 | FURNISHED 2r, sauna, balcony",1700.0,"Helsinki, Katajanokka, Kanavakatu 7 C",http://www.vuokraovi.com//vuokra-asunto/helsinki/katajanokka/kerrostalo/kaksio/176294,60.16481,24.9694786,Agency info missing,None,None
176270,"kerrostalo, 61 m2 | 2h+k+s",1040.0,"Espoo, Haukilahti, Salakkatie  1 A 8",http://www.vuokraovi.com//vuokra-asunto/espoo/haukilahti/kerrostalo/kaksio/176270,60.1640369,24.7795923,Agency info missing,None,None
176251,"kerrostalo, 104 m2 | 5H+K+S",1794.0,"Helsinki, Kannelmaki, Pasuunatie 2b",http://www.vuokraovi.com//vuokra-asunto/helsinki/kannelmaki/kerrostalo/5h+/176251,60.2408732,24.8720145,Lumo / VVO-kotikeskus PKS,None,None
176198,"kerrostalo, 85, 5 m2 | 3h, k, sauna, vh, lasitettu pa",1670.0,"Espoo, Tapiola, Revontulentie 11",http://www.vuokraovi.com//vuokra-asunto/espoo/tapiola/kerrostalo/kolmio/176198,60.1719133,24.8040988,Paakaupunkiseutu Suuromistajien vuokra-asunnot,None,None
176190,"kerrostalo, 51, 5 m2 | 2h, kk, s, lasitettu parveke",1004.0,"Espoo, Makkyla, Adjutantinkatu 3",http://www.vuokraovi.com//vuokra-asunto/espoo/makkyla/kerrostalo/kaksio/176190,60.22170629999999,24.8348804,Paakaupunkiseutu Suuromistajien vuokra-asunnot,None,None
176175,"kerrostalo, 47 m2 | 2H+K",923.0,"Helsinki, Etela-Haaga, Ristolantie 19",http://www.vuokraovi.com//vuokra-asunto/helsinki/etela-haaga/kerrostalo/kaksio/176175,60.2130182,24.8939665,Lumo / VVO-kotikeskus PKS,None,None
176164,"kerrostalo, 70 m2 | 3 h, k, k, kph, vh",1500.0,"Espoo, Tapiola, Puhurinpolku 1",http://www.vuokraovi.com//vuokra-asunto/espoo/tapiola/kerrostalo/kolmio/176164,60.1742654,24.789714,Kiinteistotoimisto Takio LKV [A],None,None
176124,"kerrostalo, 262 m2 | 6h, k, 2 x kh, 3x erill. wc",4500.0,"Helsinki, Ullanlinna, Tahtitorninkatu 8",http://www.vuokraovi.com//vuokra-asunto/helsinki/ullanlinna/kerrostalo/5h+/176124,60.16109489999999,24.9537594,Paakaupunkiseutu Yksityisomistajien vuokra-asunnot,None,None
168293,"paritalo, 125 m2 | 4-5h+k+2xwc+kph+s",1780.0,"Helsinki, Vartioharju, Ruotsinsalmenkuja 3",http://www.vuokraovi.com//vuokra-asunto/helsinki/vartioharju/paritalo/4h/168293,60.2153758,25.1128655,Agency info missing,None,None
176081,"kerrostalo, 147, 5 m2 | Unfurnished 5 rooms, kitchen",3200.0,"Helsinki, Kaartinkaupunki, Bernhardinkatu 7",http://www.vuokraovi.com//vuokra-asunto/helsinki/kaartinkaupunki/kerrostalo/5h+/176081,60.1636716,24.9501715,Celine Oy Ab LKV AFM,None,None
176057,"kerrostalo, 46, 5 m2 | 2h+kk+s",980.0,"Helsinki, Lauttasaari, Haahkapolku 3",http://www.vuokraovi.com//vuokra-asunto/helsinki/lauttasaari/kerrostalo/kaksio/176057,60.1562075,24.878492,Ovenia,None,None
176061,"kerrostalo, 40 m2 | 1h, kt, alkovi, lasitettu parveke",900.0,"Helsinki, Kapyla, Osmontie 45",http://www.vuokraovi.com//vuokra-asunto/helsinki/kapyla/kerrostalo/yksio/176061,60.219779,24.9481824,Paakaupunkiseutu Suuromistajien vuokra-asunnot,None,None
176035,"kerrostalo, 48, 5 m2 | 2H+KK",912.0,"Helsinki, Itakeskus, Kauppakartanonkuja 3",http://www.vuokraovi.com//vuokra-asunto/helsinki/itakeskus/kerrostalo/kaksio/176035,60.2072733,25.0765564,Lumo / VVO-kotikeskus PKS,None,None
176020,"kerrostalo, 53 m2 | 2h, kk, kh, halli",950.0,"Helsinki, Taka-Toolo, Messeniuksenkatu 6",http://www.vuokraovi.com//vuokra-asunto/helsinki/taka-toolo/kerrostalo/kaksio/176020,60.1880534,24.914249,Agency info missing,None,None
175977,"kerrostalo, 40, 5 m2 | 1h+kk",1079.0,"Espoo, Tapiola, Kaupinkalliontie 5",http://www.vuokraovi.com//vuokra-asunto/espoo/tapiola/kerrostalo/yksio/175977,60.1785714,24.8019944,SATO Vuokraus ja myynti / Helsinki,None,None
175911,"kerrostalo, 55 m2 | 2h, k",980.0,"Helsinki, Laajasalo, Umpiaidanpolku 4",http://www.vuokraovi.com//vuokra-asunto/helsinki/laajasalo/kerrostalo/kaksio/175911,60.1849314,25.0525822,Kiinteistomaailma | Kallion Kodit Oy LKV,None,None
175896,"kerrostalo, 50, 5 m2 | 2H+KK",899.0,"Espoo, Suurpelto, Piilipuuntie 25",http://www.vuokraovi.com//vuokra-asunto/espoo/suurpelto/kerrostalo/kaksio/175896,60.18884879999999,24.7386435,Lumo / VVO-kotikeskus PKS,None,None
175869,"kerrostalo, 77 m2 | 3H+K",1054.0,"Espoo, Suvela, Kirstintie 30",http://www.vuokraovi.com//vuokra-asunto/espoo/suvela/kerrostalo/kolmio/175869,60.2050488,24.6734683,Lumo / VVO-kotikeskus PKS,None,None
175832,"kerrostalo, 114, 5 m2 | 5h, k, vh, erill.wc, parveke",2120.0,"Helsinki, Lauttasaari, Sarkiniementie 11",http://www.vuokraovi.com//vuokra-asunto/helsinki/lauttasaari/kerrostalo/5h+/175832,60.1504145,24.8780428,Paakaupunkiseutu Suuromistajien vuokra-asunnot,None,None
175780,"kerrostalo, 114, 5 m2 | 4h, k, kph, s, wc, p",2300.0,"Helsinki, Kamppi, Hietalahdenranta 19 B",http://www.vuokraovi.com//vuokra-asunto/helsinki/kamppi/kerrostalo/4h/175780,60.16114469999999,24.9258521,Kiinteistotoimisto Takio LKV [A],None,None
175767,"kerrostalo, 44 m2 | 2h, kt, s, lasitettu parveke",1095.0,"Helsinki, Vallila, Sahanmaenkuja 4",http://www.vuokraovi.com//vuokra-asunto/helsinki/vallila/kerrostalo/kaksio/175767,60.19540319999999,24.9401289,Paakaupunkiseutu Suuromistajien vuokra-asunnot,None,None
175755,"kerrostalo, 73 m2 | 3h+k+s+lasitettu parveke",1337.51,"Helsinki, Jatkasaari, Tyynenmerenkatu 3 A 3",http://www.vuokraovi.com//vuokra-asunto/helsinki/jatkasaari/kerrostalo/kolmio/175755,60.1590615,24.9212216,Keva,None,None
175674,"kerrostalo, 43 m2 | 2h+kk+s",850.0,"Espoo, Tuomarila, Tuomarilantie 9",http://www.vuokraovi.com//vuokra-asunto/espoo/tuomarila/kerrostalo/kaksio/175674,60.20557139999999,24.6818327,"TA-Asunnot Oy, Espoo",None,None
175425,"kerrostalo, 72 m2 | 3H+K+KPH+P",950.0,"Helsinki, Myllypuro, Karistimentie 2 D",http://www.vuokraovi.com//vuokra-asunto/helsinki/myllypuro/kerrostalo/kolmio/175425,60.2270538,25.0705603,Smartmove Oy,None,None
175626,"kerrostalo, 43, 5 m2 | 2h, kk, kh, lasitettu parveke",909.0,"Helsinki, Myllypuro, Kivensilmankuja 1",http://www.vuokraovi.com//vuokra-asunto/helsinki/myllypuro/kerrostalo/kaksio/175626,60.22370480000001,25.0744308,Paakaupunkiseutu Suuromistajien vuokra-asunnot,None,None
175591,"kerrostalo, 50 m2 | 2h, k, lasitettu parveke",907.0,"Espoo, Leppavaara, Sininarhintie 5",http://www.vuokraovi.com//vuokra-asunto/espoo/leppavaara/kerrostalo/kaksio/175591,60.2285062,24.823459,Paakaupunkiseutu Suuromistajien vuokra-asunnot,None,None
175580,"kerrostalo, 131, 5 m2 | 3h + k + ruokailuhuone + kph +",2500.0,"Helsinki, Herttoniemenranta, Neitojenranta 2 C",http://www.vuokraovi.com//vuokra-asunto/helsinki/herttoniemenranta/kerrostalo/kolmio/175580,60.18559029999999,25.0330287,Vuokraturva Oy LKV [A],None,None
175565,"kerrostalo, 63 m2 | 2h, k, s, lasitettu parveke",1100.0,"Helsinki, Itakeskus, Vanhanlinnantie 3",http://www.vuokraovi.com//vuokra-asunto/helsinki/itakeskus/kerrostalo/kaksio/175565,60.2144655,25.0878091,Paakaupunkiseutu Suuromistajien vuokra-asunnot,None,None
175546,"kerrostalo, 37 m2 | 1h + k + kph + lasitettu p",790.0,"Helsinki, Katajanokka, Merisotilaankatu 4 G",http://www.vuokraovi.com//vuokra-asunto/helsinki/katajanokka/kerrostalo/yksio/175546,60.1675087,24.975996,Vuokraturva Oy LKV [A],None,None
175534,"kerrostalo, 28 m2 | 1 h, kk, vh, kh",720.0,"Helsinki, Etela-Haaga, Kauppalantie 44",http://www.vuokraovi.com//vuokra-asunto/helsinki/etela-haaga/kerrostalo/yksio/175534,60.21615389999999,24.8965287,Paakaupunkiseutu Yksityisomistajien vuokra-asunnot,None,None
175536,"kerrostalo, 56, 5 m2 | 2h, k, terassi",993.0,"Helsinki, Viikki, Von Daehnin katu 8",http://www.vuokraovi.com//vuokra-asunto/helsinki/viikki/kerrostalo/kaksio/175536,60.23148610000001,25.0462074,Paakaupunkiseutu Suuromistajien vuokra-asunnot,None,None
175524,"kerrostalo, 36, 5 m2 | RESERVED 2r, balcony",1475.0,"Helsinki, Etu-Toolo, RESERVED Leppasuonkatu 10 B",http://www.vuokraovi.com//vuokra-asunto/helsinki/etu-toolo/kerrostalo/kaksio/175524,60.17332440000001,24.9410248,Celine Oy Ab LKV AFM,None,None
175453,"rivitalo, 29 m2 | 2h+avok+kph+vh (furnish.)",1180.0,"Helsinki, Lehtisaari, Liljasaarentie",http://www.vuokraovi.com//vuokra-asunto/helsinki/lehtisaari/rivitalo/kaksio/175453,60.18230070000001,24.8482117,Luxhousing,None,None
175449,"kerrostalo, 56, 5 m2 | 2 h+ ak+ kh+ s+ p",950.0,"Espoo, Vallikallio, Porarinkatu 2",http://www.vuokraovi.com//vuokra-asunto/espoo/vallikallio/kerrostalo/kaksio/175449,60.22495259999999,24.8210892,Paakaupunkiseutu Yksityisomistajien vuokra-asunnot,None,None
175447,"kerrostalo, 60 m2 | 3h+avok+kph+parv. (furnished)",1890.0,"Helsinki, Ullanlinna, Vuorimiehenkatu 4",http://www.vuokraovi.com//vuokra-asunto/helsinki/ullanlinna/kerrostalo/kolmio/175447,60.1605088,24.9542179,Luxhousing,None,None
175439,"kerrostalo, 70, 5 m2 | 2h, avok., vh, lasitettu parve",1450.0,"Espoo, Tapiola, Revontulentie 11",http://www.vuokraovi.com//vuokra-asunto/espoo/tapiola/kerrostalo/kolmio/175439,60.1719133,24.8040988,Paakaupunkiseutu Suuromistajien vuokra-asunnot,None,None
175408,"kerrostalo, 80, 5 m2 | 2-3 h, kt, s, lasitettu parveke",1275.0,"Helsinki, Aurinkolahti, Jauhajankuja 2",http://www.vuokraovi.com//vuokra-asunto/helsinki/aurinkolahti/kerrostalo/kolmio/175408,60.17332440000001,24.9410248,Paakaupunkiseutu Suuromistajien vuokra-asunnot,None,None
175390,"kerrostalo, 57, 5 m2 | 2h+kt+s",995.0,"Helsinki, Malminkartano, Juustenintie 4 B",http://www.vuokraovi.com//vuokra-asunto/helsinki/malminkartano/kerrostalo/kaksio/175390,60.24439779999999,24.8677771,Newsec Asset Management  Oy,None,None
175374,"kerrostalo, 47 m2 | Unfurnished 2r, big balcony",1300.0,"Helsinki, Etu-Toolo, Leppasuonkatu 10 A",http://www.vuokraovi.com//vuokra-asunto/helsinki/etu-toolo/kerrostalo/kaksio/175374,60.16907729999999,24.9224839,Celine Oy Ab LKV AFM,None,None
175345,"kerrostalo, 62 m2 | 2H+K",1008.0,"Helsinki, Kannelmaki, Klaneettipolku 7",http://www.vuokraovi.com//vuokra-asunto/helsinki/kannelmaki/kerrostalo/kaksio/175345,60.23897950000001,24.8749417,Ovenia (co. Keskinainen Elakevakuutusyhtio Ilmarinen),None,None
175341,"kerrostalo, 52 m2 | 2h+kk+kph",1100.0,"Helsinki, Ullanlinna, Vuorimiehenkatu 14 C",http://www.vuokraovi.com//vuokra-asunto/helsinki/ullanlinna/kerrostalo/kaksio/175341,60.15918560000001,24.9448832,"Helsingin OPKK, Mikonkatu",None,None
175287,"kerrostalo, 51 m2 | 2H+KK",963.0,"Espoo, Ratamotie 6",http://www.vuokraovi.com//vuokra-asunto/espoo/kerrostalo/kaksio/175287,60.23200989999999,24.7756945,Lumo / VVO-kotikeskus PKS,None,None
175271,"kerrostalo, 39 m2 | 1H+K",950.0,"Helsinki, Viikki, Katariina Saksilaisen katu 11",http://www.vuokraovi.com//vuokra-asunto/helsinki/viikki/kerrostalo/yksio/175271,60.2162385,24.9859434,Lumo / VVO-kotikeskus PKS,None,None
175117,"rivitalo, 176 m2 | 6h+k+s+ph+kh+wc",2600.0,"Espoo, Haukilahti, Pitkankallionkuja 4",http://www.vuokraovi.com//vuokra-asunto/espoo/haukilahti/rivitalo/5h+/175117,60.1585987,24.7808559,Agency info missing,None,None
175102,"kerrostalo, 32 m2 | Liikehuoneisto",850.0,"Helsinki, Kruununhaka, Liisankatu 12",http://www.vuokraovi.com//vuokra-asunto/helsinki/kruununhaka/kerrostalo/yksio/175102,60.1740817,24.9559006,"Kiinteistomaailma | Hki-Etela, Kruununhaka ja Katajanokka (KK-Neliot Oy LKV) ",None,None
175087,"kerrostalo, 48 m2 | 2H+K",846.0,"Espoo, Leppavaara, Leirikaari 24",http://www.vuokraovi.com//vuokra-asunto/espoo/leppavaara/kerrostalo/kaksio/175087,60.2104578,24.8076937,Lumo / VVO-kotikeskus PKS,None,None
175077,"kerrostalo, 68, 5 m2 | 3h+kk+s",1397.0,"Helsinki, Pikku Huopalahti, Taavetinaukio 3, Taavetinkuja 11",http://www.vuokraovi.com//vuokra-asunto/helsinki/pikku+huopalahti/kerrostalo/kolmio/175077,60.1998348,24.8956531,SATO Vuokraus ja myynti / Helsinki,None,None
175078,"kerrostalo, 28 m2 | 1h+kk",859.0,"Helsinki, Pajamaki, Pajamaentie 7",http://www.vuokraovi.com//vuokra-asunto/helsinki/pajamaki/kerrostalo/yksio/175078,60.2189578,24.8566622,SATO Vuokraus ja myynti / Helsinki,None,None
175081,"kerrostalo, 62 m2 | 2h+k",985.0,"Espoo, Laajalahti, Heinjoenpolku 2 P-Y",http://www.vuokraovi.com//vuokra-asunto/espoo/laajalahti/kerrostalo/kaksio/175081,60.2035545,24.802476,SATO Vuokraus ja myynti / Helsinki,None,None
175070,"kerrostalo, 32, 5 m2 | 1h+kk+s+kph+parveke",700.0,"Espoo, Kilo, Kilontie 8 F",http://www.vuokraovi.com//vuokra-asunto/espoo/kilo/kerrostalo/yksio/175070,60.21937149999999,24.7778618,RE/MAX Casa Alto | Casa Alto Oy LKV,None,None
175065,"erillistalo, 17 m2 | Omahuone, jaettu kph",1050.0,"Espoo, Otaniemi, Kivimiehentie 2",http://www.vuokraovi.com//vuokra-asunto/espoo/otaniemi/erillistalo/yksio/175065,60.17986649999999,24.8287218,Agency info missing,None,None
175014,"kerrostalo, 70, 5 m2 | 3h+k+parveke",1080.0,"Helsinki, Kannelmaki, Hanuripolku 6",http://www.vuokraovi.com//vuokra-asunto/helsinki/kannelmaki/kerrostalo/kolmio/175014,60.2389869,24.88358,Ovenia (co. Keskinainen Elakevakuutusyhtio Ilmarinen),None,None
175016,"kerrostalo, 40, 5 m2 | 1h, avok, sauna, lasit.parveke",936.0,"Helsinki, Etela-Haaga, Vanha Viertotie 9",http://www.vuokraovi.com//vuokra-asunto/helsinki/etela-haaga/kerrostalo/yksio/175016,60.2105514,24.8860446,Ovenia (co. Keskinainen Elakevakuutusyhtio Ilmarinen),None,None
175024,"kerrostalo, 56 m2 | 2H+KK+S",1004.0,"Espoo, Matinkyla, Markkinakatu 2",http://www.vuokraovi.com//vuokra-asunto/espoo/matinkyla/kerrostalo/kaksio/175024,60.1603426,24.737268,Ovenia (co. Keskinainen Elakevakuutusyhtio Ilmarinen),None,None
175025,"kerrostalo, 77 m2 | 3H+K+S",1224.0,"Espoo, Matinkyla, Markkinakatu 2",http://www.vuokraovi.com//vuokra-asunto/espoo/matinkyla/kerrostalo/kolmio/175025,60.1603426,24.737268,Ovenia (co. Keskinainen Elakevakuutusyhtio Ilmarinen),None,None
175027,"kerrostalo, 52 m2 | 2H+KT+KPH+S",938.0,"Espoo, Tapiola, Neulaspolku 1",http://www.vuokraovi.com//vuokra-asunto/espoo/tapiola/kerrostalo/kaksio/175027,60.17870959999999,24.81409,Ovenia (co. Keskinainen Elakevakuutusyhtio Ilmarinen),None,None
175006,"erillistalo, 394 m2 | 7h, k, 3 kph, uima-allasosasto, ",6000.0,"Espoo, Westend, Westendintie 45 B",http://www.vuokraovi.com//vuokra-asunto/espoo/westend/erillistalo/5h+/175006,60.16113739999999,24.8015325,Kiinteistotoimisto Takio LKV [A],None,None
174992,"kerrostalo, 87 m2 | 4h, k, kph, wc",1600.0,"Helsinki, Ullanlinna, Laivurinkatu 35 B",http://www.vuokraovi.com//vuokra-asunto/helsinki/ullanlinna/kerrostalo/4h/174992,60.1588349,24.9421833,"Helsingin OPKK, Ullanlinna",None,None
174968,"kerrostalo, 65, 5 m2 | 3 h, avok, vh, kh, lasitettu p",1581.0,"Helsinki, Jatkasaari, Kap Hornin katu 8",http://www.vuokraovi.com//vuokra-asunto/helsinki/jatkasaari/kerrostalo/kolmio/174968,60.15762050000001,24.9203444,Paakaupunkiseutu Yksityisomistajien vuokra-asunnot,None,None
174901,"kerrostalo, 51 m2 | 2h, kt, s, lasitettu terassi",985.0,"Espoo, Matinkyla, Matinpuronkuja 2",http://www.vuokraovi.com//vuokra-asunto/espoo/matinkyla/kerrostalo/kaksio/174901,60.1628376,24.7542227,Paakaupunkiseutu Suuromistajien vuokra-asunnot,None,None
174905,"kerrostalo, 51 m2 | 2h, kt, s, lasitettu parveke",985.0,"Espoo, Matinkyla, Matinpuronkuja 2",http://www.vuokraovi.com//vuokra-asunto/espoo/matinkyla/kerrostalo/kaksio/174905,60.1628376,24.7542227,Paakaupunkiseutu Suuromistajien vuokra-asunnot,None,None
174852,"kerrostalo, 44 m2 | 1h+k",995.0,"Helsinki, Keskusta, Kalevankatu 9",http://www.vuokraovi.com//vuokra-asunto/helsinki/keskusta/kerrostalo/yksio/174852,60.17332440000001,24.9410248,Ovenia,None,None
174827,"rivitalo, 110 m2 | 5H+K+S",1650.0,"Helsinki, Vuosaari, Pienenvillasaarentie 13",http://www.vuokraovi.com//vuokra-asunto/helsinki/vuosaari/rivitalo/5h+/174827,60.22235200000001,25.1456256,Asokodit,None,None
174828,"kerrostalo, 88, 5 m2 | 4H+K+S",1265.0,"Espoo, Kilo, Trillakatu 2",http://www.vuokraovi.com//vuokra-asunto/espoo/kilo/kerrostalo/4h/174828,60.2170559,24.7859315,Asokodit,None,None
174829,"kerrostalo, 97, 5 m2 | 5H+K+S",1560.0,"Helsinki, Suutarila, Tapulikaupungintie 15",http://www.vuokraovi.com//vuokra-asunto/helsinki/suutarila/kerrostalo/5h+/174829,60.2769966,25.0346193,Asokodit,None,None
174831,"rivitalo, 84, 5 m2 | 3H+K+S",1160.0,"Espoo, Jouppi, Joupinmaensyrja 3",http://www.vuokraovi.com//vuokra-asunto/espoo/jouppi/rivitalo/kolmio/174831,60.2054911,24.6559001,Asokodit,None,None
174833,"kerrostalo, 76 m2 | 3H+K+S",1160.0,"Espoo, Kilo, Trillakatu 3",http://www.vuokraovi.com//vuokra-asunto/espoo/kilo/kerrostalo/kolmio/174833,60.21741549999999,24.7861317,Asokodit,None,None
174803,"kerrostalo, 74 m2 | 4h+k+kph+vh+parv",1350.0,"Helsinki, Pajamaki, Poutamaentie 15 B",http://www.vuokraovi.com//vuokra-asunto/helsinki/pajamaki/kerrostalo/4h/174803,60.2191345,24.8521613,RE/MAX Casa Alto | Casa Alto Oy LKV,None,None
174768,"kerrostalo, 54 m2 | 2h, avok., lasitettu parveke",945.0,"Espoo, Matinkyla, Matinpuronkuja 2",http://www.vuokraovi.com//vuokra-asunto/espoo/matinkyla/kerrostalo/kaksio/174768,60.1628376,24.7542227,Paakaupunkiseutu Suuromistajien vuokra-asunnot,None,None
174729,"kerrostalo, 51 m2 | FURNISHED 2r, balc, PARKING",1200.0,"Helsinki, Etela-Haaga, Vespertie 3 B",http://www.vuokraovi.com//vuokra-asunto/helsinki/etela-haaga/kerrostalo/kaksio/174729,60.2147123,24.9030664,Celine Oy Ab LKV AFM,None,None
174736,"paritalo, 102, 5 m2 | 4h+k+s",1450.0,"Espoo, Noykkio, Mantykallio 4",http://www.vuokraovi.com//vuokra-asunto/espoo/noykkio/paritalo/4h/174736,60.1640165,24.6878651,"TA-Asunnot Oy, Espoo",None,None
174737,"luhtitalo, 73, 5 m2 | 3h+k+s",1300.0,"Espoo, Tontunmaki, Nokitontunkuja 2",http://www.vuokraovi.com//vuokra-asunto/espoo/tontunmaki/luhtitalo/kolmio/174737,60.1752179,24.7767024,"TA-Asunnot Oy, Espoo",None,None
174731,"kerrostalo, 37 m2 | 2H+KK",987.0,"Helsinki, Punavuori, Lonnrotinkatu 30",http://www.vuokraovi.com//vuokra-asunto/helsinki/punavuori/kerrostalo/kaksio/174731,60.1637776,24.9313921,Lumo / VVO-kotikeskus PKS,None,None
174723,"kerrostalo, 51 m2 | 2h+k",1090.0,"Helsinki, Katajanokka, Katajanokanranta 19 E 55",http://www.vuokraovi.com//vuokra-asunto/helsinki/katajanokka/kerrostalo/kaksio/174723,60.168642,24.9769029,Agency info missing,None,None
174701,"kerrostalo, 58 m2 | 2h, k, kph",850.0,"Helsinki, Pohjois-Haaga, Ohjaajantie 28",http://www.vuokraovi.com//vuokra-asunto/helsinki/pohjois-haaga/kerrostalo/kaksio/174701,60.2266583,24.8873815,Kiinteistotoimisto Takio LKV [A],None,None
174703,"kerrostalo, 77 m2 | 2-3h, k, s, kph",1600.0,"Helsinki, Hakaniemi, Hakaniemenranta 18 C",http://www.vuokraovi.com//vuokra-asunto/helsinki/hakaniemi/kerrostalo/kolmio/174703,60.17332440000001,24.9410248,ForenomDirect,None,None
174695,"kerrostalo, 49 m2 | 1H+TPK+S",854.0,"Espoo, Matinkyla, Kala-Maija 3",http://www.vuokraovi.com//vuokra-asunto/espoo/matinkyla/kerrostalo/yksio/174695,60.1591653,24.7407618,Lumo / VVO-kotikeskus PKS,None,None
174696,"kerrostalo, 65, 5 m2 | 2H+TPK+S",1027.0,"Espoo, Matinkyla, Nassakkakuja 4",http://www.vuokraovi.com//vuokra-asunto/espoo/matinkyla/kerrostalo/kaksio/174696,60.1593877,24.7307741,Lumo / VVO-kotikeskus PKS,None,None
174697,"kerrostalo, 74, 5 m2 | 3H+K",1154.0,"Espoo, Soukka, Soukanahde 4",http://www.vuokraovi.com//vuokra-asunto/espoo/soukka/kerrostalo/kolmio/174697,60.1402085,24.6738382,Lumo / VVO-kotikeskus PKS,None,None
174666,"kerrostalo, 71 m2 | 2h+k+halli",1400.0,"Helsinki, Etu-Toolo, Caloniuksenkatu 7 A",http://www.vuokraovi.com//vuokra-asunto/helsinki/etu-toolo/kerrostalo/kaksio/174666,60.1746003,24.9211416,Parnassia Oy,None,None
174606,"kerrostalo, 31 m2 | 1 h + avokeittio",700.0,"Helsinki, Kallio, Kirstinkatu 4",http://www.vuokraovi.com//vuokra-asunto/helsinki/kallio/kerrostalo/yksio/174606,60.1860932,24.9466431,Agency info missing,None,None
174588,"kerrostalo, 107 m2 | 3h, k, kph, erill. wc",2750.0,"Helsinki, Kaartinkaupunki, Unioninkatu 3",http://www.vuokraovi.com//vuokra-asunto/helsinki/kaartinkaupunki/kerrostalo/kolmio/174588,60.1637775,24.9517003,Paakaupunkiseutu Yksityisomistajien vuokra-asunnot,None,None
174582,"kerrostalo, 45 m2 | 2h, avok, s, kph, lasitettu pa",960.0,"Espoo, Leppavaara, Puuportti 2 B",http://www.vuokraovi.com//vuokra-asunto/espoo/leppavaara/kerrostalo/kaksio/174582,60.2189508,24.8025371,HUOM! | Olli Koponen Asuntopalvelut LKV,None,None
174572,"kerrostalo, 33, 5 m2 | 1h+avok+sa+parvi+lasit. parv",750.0,"Helsinki, Itakeskus, Asiakkaankatu 1",http://www.vuokraovi.com//vuokra-asunto/helsinki/itakeskus/kerrostalo/yksio/174572,60.2079155,25.0809507,Agency info missing,None,None
174569,"kerrostalo, 51 m2 | 2h, k, kh",1200.0,"Helsinki, Etu-Toolo, Vainamoisenkatu 11",http://www.vuokraovi.com//vuokra-asunto/helsinki/etu-toolo/kerrostalo/kaksio/174569,60.1719382,24.9187251,Agency info missing,None,None
174566,"kerrostalo, 75, 5 m2 | 3h+k",1435.0,"Helsinki, Pikku Huopalahti, Korppaanmaentie 17",http://www.vuokraovi.com//vuokra-asunto/helsinki/pikku+huopalahti/kerrostalo/kolmio/174566,60.2055586,24.8923587,SATO Vuokraus ja myynti / Helsinki,None,None
174568,"kerrostalo, 63 m2 | 3h+k",1376.0,"Helsinki, Pajamaki, Pajamaentie 7",http://www.vuokraovi.com//vuokra-asunto/helsinki/pajamaki/kerrostalo/kolmio/174568,60.2189578,24.8566622,SATO Vuokraus ja myynti / Helsinki,None,None
174561,"kerrostalo, 57, 5 m2 | 2h + k + kph + varasto + lasitettu parveke",920.0,"Helsinki, Ala-Malmi, Ormusmaentie 8",http://www.vuokraovi.com//vuokra-asunto/helsinki/ala-malmi/kerrostalo/kaksio/174561,60.2531694,25.0203961,Agency info missing,None,None
174507,"kerrostalo, 80 m2 | 4 h + k + lasitettu .parveke",1350.0,"Helsinki, Yliskyla, Kirkkosalmentie 5 A",http://www.vuokraovi.com//vuokra-asunto/helsinki/yliskyla/kerrostalo/4h/174507,60.1798148,25.0478968,Kiinteistonvalitysliike Asuntotuomarit Oy,None,None
174502,"kerrostalo, 52 m2 | 2 h + k + kh + ranskalainen pa",950.0,"Espoo, Tapiola, Jousenkaari 9 B",http://www.vuokraovi.com//vuokra-asunto/espoo/tapiola/kerrostalo/kaksio/174502,60.17574260000001,24.7900152,Kiinteistonvalitysliike Asuntotuomarit Oy,None,None
174485,"kerrostalo, 68, 5 m2 | 3h+k+s",1240.0,"Espoo, Kilo, Vanharaide 1",http://www.vuokraovi.com//vuokra-asunto/espoo/kilo/kerrostalo/kolmio/174485,60.2173928,24.7822436,SATO Vuokraus ja myynti / Helsinki,None,None
174482,"kerrostalo, 206 m2 | 5-6h, k, kph, 2 wc, 2 parveket",2900.0,"Helsinki, Ullanlinna, Tehtaankatu 4",http://www.vuokraovi.com//vuokra-asunto/helsinki/ullanlinna/kerrostalo/kaksio/174482,60.1592002,24.9531821,"Kiinteistomaailma | HELSINKI ULLANLINNA TEHTAANKATU, Ullanlinnan Kodit Oy LKV",None,None
184981,"kerrostalo, 38 m2 | KALUSTETTU 1H+K+KPH",1000.0,"Helsinki, Etu-Toolo, Temppelikatu 19 D",http://www.vuokraovi.com//vuokra-asunto/helsinki/etu-toolo/kerrostalo/yksio/184981,60.1735284,24.9239522,Smartmove Oy,None,None
174463,"kerrostalo, 43, 5 m2 | 1H+K",911.0,"Helsinki, Kallio, Hameentie 22",http://www.vuokraovi.com//vuokra-asunto/helsinki/kallio/kerrostalo/yksio/174463,60.1824172,24.956266,Ovenia (co. Keskinainen Elakevakuutusyhtio Ilmarinen),None,None
174375,"kerrostalo, 73, 5 m2 | 3h, k, lasitettu parveke",1165.0,"Helsinki, Itakeskus, Vanhanlinnantie 3",http://www.vuokraovi.com//vuokra-asunto/helsinki/itakeskus/kerrostalo/kolmio/174375,60.2144655,25.0878091,Paakaupunkiseutu Suuromistajien vuokra-asunnot,None,None
174377,"kerrostalo, 53 m2 | 2h, avok., lasitettu parveke",945.0,"Espoo, Olari, Piispanpiha 5",http://www.vuokraovi.com//vuokra-asunto/espoo/olari/kerrostalo/kaksio/174377,60.1645007,24.7333022,Paakaupunkiseutu Suuromistajien vuokra-asunnot,None,None
174348,"kerrostalo, 52, 5 m2 | 2h + k + kph + lasitettu p",845.0,"Espoo, Pohjois-Tapiola, Ukonvaaja 6 B",http://www.vuokraovi.com//vuokra-asunto/espoo/pohjois-tapiola/kerrostalo/kaksio/174348,60.1849147,24.7937689,Agency info missing,None,None
174335,"kerrostalo, 62 m2 | 3h, kk, sauna, lasitettu parveke",1194.0,"Helsinki, Aurinkolahti, Aurinkotuulenkatu 8",http://www.vuokraovi.com//vuokra-asunto/helsinki/aurinkolahti/kerrostalo/kolmio/174335,60.2064598,25.1581551,Paakaupunkiseutu Suuromistajien vuokra-asunnot,None,None
174300,"kerrostalo, 86, 5 m2 | 4h, k, s, vaatehuone, lasitettu pa",1290.0,"Helsinki, Konala, Ristipellontie 6",http://www.vuokraovi.com//vuokra-asunto/helsinki/konala/kerrostalo/4h/174300,60.2386042,24.8519191,Paakaupunkiseutu Suuromistajien vuokra-asunnot,None,None
174301,"kerrostalo, 49 m2 | 2h, kt, s, lasitettu parveke",892.0,"Espoo, Painiitty, Lotankatu 3",http://www.vuokraovi.com//vuokra-asunto/espoo/painiitty/kerrostalo/kaksio/174301,60.2054911,24.6559001,Paakaupunkiseutu Suuromistajien vuokra-asunnot,None,None
174295,"kerrostalo, 96, 5 m2 | Unfurnished 3r, s, balc, PARKING",2100.0,"Espoo, Tapiola, Tuulikuja 4 C",http://www.vuokraovi.com//vuokra-asunto/espoo/tapiola/kerrostalo/kolmio/174295,60.1713438,24.8007668,Celine Oy Ab LKV AFM,None,None
174182,"kerrostalo, 79 m2 | 3h+k",1130.0,"Espoo, Laajalahti, Heinjoenpolku 2 A-J",http://www.vuokraovi.com//vuokra-asunto/espoo/laajalahti/kerrostalo/kolmio/174182,60.2035545,24.802476,SATO Vuokraus ja myynti / Helsinki,None,None
174153,"kerrostalo, 49 m2 | 2H+KK",900.0,"Helsinki, Rastila, Retkeilijankatu 3 A",http://www.vuokraovi.com//vuokra-asunto/helsinki/rastila/kerrostalo/kaksio/174153,60.20592319999999,25.1204993,Newsec Asset Management  Oy,None,None
174100,"kerrostalo, 134 m2 | 4h.k, rt, khh, s, terassiparv.",2800.0,"Helsinki, Lauttasaari, Veneentekijankuja 6",http://www.vuokraovi.com//vuokra-asunto/helsinki/lauttasaari/kerrostalo/4h/174100,60.1524373,24.8888345,Paakaupunkiseutu Yksityisomistajien vuokra-asunnot,None,None
174101,"kerrostalo, 77, 5 m2 | 2h, kt, s",1408.0,"Helsinki, Lansi-Pasila, Kuuluttajankatu 2",http://www.vuokraovi.com//vuokra-asunto/helsinki/lansi-pasila/kerrostalo/kaksio/174101,60.2050512,24.9178006,Paakaupunkiseutu Suuromistajien vuokra-asunnot,None,None
174067,"rivitalo, 83 m2 | 3h+keittio+sauna+varasto",1695.0,"Helsinki, Torpparinmaki, Ylatuvantie 6 as 3",http://www.vuokraovi.com//vuokra-asunto/helsinki/torpparinmaki/rivitalo/kolmio/174067,60.2579567,24.9478094,Agency info missing,None,None
174069,"kerrostalo, 48 m2 | 2h, kt, s",1051.0,"Helsinki, Lansi-Pasila, Kuuluttajankatu 2",http://www.vuokraovi.com//vuokra-asunto/helsinki/lansi-pasila/kerrostalo/kaksio/174069,60.2050512,24.9178006,Paakaupunkiseutu Suuromistajien vuokra-asunnot,None,None
174047,"kerrostalo, 43, 5 m2 | KALUSTETTU 2H+KK+KPH+VH",1200.0,"Helsinki, Ullanlinna, Laivurinkatu 35 B",http://www.vuokraovi.com//vuokra-asunto/helsinki/ullanlinna/kerrostalo/kaksio/174047,60.1588349,24.9421833,Smartmove Oy,None,None
173995,"kerrostalo, 114, 5 m2 | 5 h, k",2120.0,"Helsinki, Lauttasaari, Sarkiniementie 11",http://www.vuokraovi.com//vuokra-asunto/helsinki/lauttasaari/kerrostalo/5h+/173995,60.1504145,24.8780428,Paakaupunkiseutu Suuromistajien vuokra-asunnot,None,None
173989,"kerrostalo, 83 m2 | 3h, k, kph, sauna, wc, khh",1500.0,"Helsinki, Herttoniemenranta, Benktankuja 1 A",http://www.vuokraovi.com//vuokra-asunto/helsinki/herttoniemenranta/kerrostalo/kolmio/173989,60.1861111,25.0320108,Kiinteistotoimisto Takio LKV [A],None,None
173928,"kerrostalo, 33, 5 m2 | 2h + kk + kph",765.0,"Helsinki, Kallio, Kustaankatu 3 A",http://www.vuokraovi.com//vuokra-asunto/helsinki/kallio/kerrostalo/kaksio/173928,60.18791809999999,24.9562568,Vuokraturva Oy LKV [A],None,None
173925,"kerrostalo, 43, 5 m2 | 2h+kk+kph+vh",890.0,"Helsinki, Kallio, Alppikatu 5 D",http://www.vuokraovi.com//vuokra-asunto/helsinki/kallio/kerrostalo/kaksio/173925,60.1851181,24.9415952,RE/MAX Casa Alto | Casa Alto Oy LKV,None,None
173919,"kerrostalo, 41 m2 | 2h+kk",995.0,"Espoo, Niittymaa, Malmiportti 4",http://www.vuokraovi.com//vuokra-asunto/espoo/niittymaa/kerrostalo/kaksio/173919,60.2054911,24.6559001,SATO Vuokraus ja myynti / Helsinki,None,None
173895,"kerrostalo, 48, 5 m2 | 2 h + kt + kph + lasitettu par",900.0,"Espoo, Matinkyla, Etuniementie 1 B",http://www.vuokraovi.com//vuokra-asunto/espoo/matinkyla/kerrostalo/kaksio/173895,60.1604542,24.7244342,Asuntoverstas Hallinnointi ja vuokraus Oy,None,None
173619,"kerrostalo, 69 m2 | Liiketila",1380.0,"Espoo, Kauklahti, Tegelhagen 2",http://www.vuokraovi.com//vuokra-asunto/espoo/kauklahti/kerrostalo/yksio/173619,60.193511,24.6001017,Vuokramaailma Tampere,None,None
173841,"paritalo, 107, 5 m2 | 5H+K+S",1650.0,"Espoo, Malminmaki, Malminmaentie 5",http://www.vuokraovi.com//vuokra-asunto/espoo/malminmaki/paritalo/5h+/173841,60.1811079,24.6839356,Asokodit,None,None
173834,"kerrostalo, 59 m2 | 2H+KT+S",1113.46,"Helsinki, Viikki, Viikinportti 2",http://www.vuokraovi.com//vuokra-asunto/helsinki/viikki/kerrostalo/kaksio/173834,60.2265964,25.008537,Ovenia Isannointi Oy,None,None
173765,"kerrostalo, 44, 5 m2 | 2h + avok + vh",950.0,"Espoo, Tapiola, Mantyviita 3",http://www.vuokraovi.com//vuokra-asunto/espoo/tapiola/kerrostalo/kaksio/173765,60.1789916,24.8127412,Agency info missing,None,None
173675,"rivitalo, 211 m2 | 5h+k+s",2850.0,"Espoo, Haukilahti, Haukilahdenranta 5",http://www.vuokraovi.com//vuokra-asunto/espoo/haukilahti/rivitalo/5h+/173675,60.1584222,24.7712437,"TA-Asunnot Oy, Espoo",None,None
173641,"kerrostalo, 67 m2 | 3h+kk",1347.0,"Espoo, Tapiola, Elosalamantie 2",http://www.vuokraovi.com//vuokra-asunto/espoo/tapiola/kerrostalo/kolmio/173641,60.17195959999999,24.8079867,SATO Vuokraus ja myynti / Helsinki,None,None
173642,"kerrostalo, 32 m2 | 1h+kk",797.0,"Espoo, Tapiola, Elosalamantie 2",http://www.vuokraovi.com//vuokra-asunto/espoo/tapiola/kerrostalo/yksio/173642,60.17195959999999,24.8079867,SATO Vuokraus ja myynti / Helsinki,None,None
173644,"kerrostalo, 43 m2 | 2h+kk",968.0,"Espoo, Tapiola, Elosalamantie 2",http://www.vuokraovi.com//vuokra-asunto/espoo/tapiola/kerrostalo/kaksio/173644,60.17195959999999,24.8079867,SATO Vuokraus ja myynti / Helsinki,None,None
173646,"kerrostalo, 67 m2 | 3h+kk",1340.0,"Espoo, Tapiola, Elosalamantie 2",http://www.vuokraovi.com//vuokra-asunto/espoo/tapiola/kerrostalo/kolmio/173646,60.17195959999999,24.8079867,SATO Vuokraus ja myynti / Helsinki,None,None
173648,"kerrostalo, 49, 5 m2 | 2h+kk",1095.0,"Espoo, Tapiola, Elosalamantie 2",http://www.vuokraovi.com//vuokra-asunto/espoo/tapiola/kerrostalo/kaksio/173648,60.17195959999999,24.8079867,SATO Vuokraus ja myynti / Helsinki,None,None
173649,"kerrostalo, 90 m2 | 4h+k+s",1845.0,"Espoo, Tapiola, Elosalamantie 2",http://www.vuokraovi.com//vuokra-asunto/espoo/tapiola/kerrostalo/4h/173649,60.17195959999999,24.8079867,SATO Vuokraus ja myynti / Helsinki,None,None
173653,"kerrostalo, 36 m2 | 1h+kk",896.0,"Espoo, Tapiola, Elosalamantie 2",http://www.vuokraovi.com//vuokra-asunto/espoo/tapiola/kerrostalo/yksio/173653,60.17195959999999,24.8079867,SATO Vuokraus ja myynti / Helsinki,None,None
173654,"kerrostalo, 52 m2 | 2h+kk",1222.0,"Espoo, Tapiola, Elosalamantie 2",http://www.vuokraovi.com//vuokra-asunto/espoo/tapiola/kerrostalo/kaksio/173654,60.17195959999999,24.8079867,SATO Vuokraus ja myynti / Helsinki,None,None
173613,"kerrostalo, 92 m2 | 4H+K",1457.0,"Helsinki, Tapulikaupunki, Kasityolaisentie 4-10",http://www.vuokraovi.com//vuokra-asunto/helsinki/tapulikaupunki/kerrostalo/4h/173613,60.2732085,25.033676,Lumo / VVO-kotikeskus PKS,None,None
173612,"kerrostalo, 57 m2 | 2h+kt",963.0,"Espoo, Kilo, Nihtitorpankuja 5 A",http://www.vuokraovi.com//vuokra-asunto/espoo/kilo/kerrostalo/kaksio/173612,60.2054911,24.6559001,Newsec Asset Management  Oy,None,None
173576,"kerrostalo, 58, 5 m2 | 2H+K",1022.0,"Helsinki, Tapulikaupunki, Kasityolaisentie 4-10",http://www.vuokraovi.com//vuokra-asunto/helsinki/tapulikaupunki/kerrostalo/kaksio/173576,60.2732085,25.033676,Lumo / VVO-kotikeskus PKS,None,None
173577,"kerrostalo, 38 m2 | 1H+K",827.0,"Helsinki, Tapulikaupunki, Kasityolaisentie 4-10",http://www.vuokraovi.com//vuokra-asunto/helsinki/tapulikaupunki/kerrostalo/yksio/173577,60.2732085,25.033676,Lumo / VVO-kotikeskus PKS,None,None
173578,"kerrostalo, 92 m2 | 4H+K",1443.0,"Helsinki, Tapulikaupunki, Kasityolaisentie 4-10",http://www.vuokraovi.com//vuokra-asunto/helsinki/tapulikaupunki/kerrostalo/4h/173578,60.2732085,25.033676,Lumo / VVO-kotikeskus PKS,None,None
173580,"kerrostalo, 38 m2 | 1H+K",835.0,"Helsinki, Tapulikaupunki, Kasityolaisentie 4-10",http://www.vuokraovi.com//vuokra-asunto/helsinki/tapulikaupunki/kerrostalo/yksio/173580,60.2732085,25.033676,Lumo / VVO-kotikeskus PKS,None,None
173581,"kerrostalo, 58, 5 m2 | 2H+K",1042.0,"Helsinki, Tapulikaupunki, Kasityolaisentie 4-10",http://www.vuokraovi.com//vuokra-asunto/helsinki/tapulikaupunki/kerrostalo/kaksio/173581,60.2732085,25.033676,Lumo / VVO-kotikeskus PKS,None,None
173549,"kerrostalo, 67, 5 m2 | 2h, k, kph, vh",1600.0,"Helsinki, Eira, Chydeniuksentie 3-5",http://www.vuokraovi.com//vuokra-asunto/helsinki/eira/kerrostalo/kaksio/173549,60.1564248,24.94043,Kiinteistotoimisto Takio LKV [A],None,None
173502,"kerrostalo, 75 m2 | 3 h, k, s, parveke",1150.0,"Espoo, Matinkyla, Kala-Maija 4 A",http://www.vuokraovi.com//vuokra-asunto/espoo/matinkyla/kerrostalo/kolmio/173502,60.15899979999999,24.740901,Suomen Laatuasunnot Oy,None,None
173479,"kerrostalo, 50 m2 | 2h+k+p",860.0,"Espoo, Tapiola, Sepontie 3 M",http://www.vuokraovi.com//vuokra-asunto/espoo/tapiola/kerrostalo/kaksio/173479,60.18737179999999,24.7942578,Huom! | Suomen Asuntopalvelut Oy,None,None
173468,"kerrostalo, 43, 2 m2 | 1h + k + kph + wc + takka + pa",945.0,"Helsinki, Ullanlinna, Pietarinkatu 16 B",http://www.vuokraovi.com//vuokra-asunto/helsinki/ullanlinna/kerrostalo/yksio/173468,60.15702669999999,24.9462718,Vuokraturva Oy LKV [A],None,None
173428,"kerrostalo, 70 m2 | 3h + k + kph + vh + lasitettu",790.0,"Espoo, Kauniainen, Thurmanin Puistotie 4 C",http://www.vuokraovi.com//vuokra-asunto/espoo/kauniainen/kerrostalo/kolmio/173428,60.2087152,24.7274925,Vuokraturva Oy LKV [A],None,None
173423,"kerrostalo, 57 m2 | 2h+kt",952.0,"Espoo, Kilo, Nihtitorpankuja 5 A",http://www.vuokraovi.com//vuokra-asunto/espoo/kilo/kerrostalo/kaksio/173423,60.2054911,24.6559001,Newsec Asset Management  Oy,None,None
173360,"kerrostalo, 57 m2 | 1h+k",990.0,"Helsinki, Ullanlinna, tehtaankatu 12",http://www.vuokraovi.com//vuokra-asunto/helsinki/ullanlinna/kerrostalo/kaksio/173360,60.15839279999999,24.9496939,Agency info missing,None,None
173348,"kerrostalo, 53 m2 | 2h+kt+s",896.0,"Espoo, Kilo, Nihtitorpankuja 5 A",http://www.vuokraovi.com//vuokra-asunto/espoo/kilo/kerrostalo/kaksio/173348,60.2054911,24.6559001,Newsec Asset Management  Oy,None,None
173349,"kerrostalo, 57 m2 | 2h+kt",935.0,"Espoo, Kilo, Nihtitorpankuja 5 A",http://www.vuokraovi.com//vuokra-asunto/espoo/kilo/kerrostalo/kaksio/173349,60.2054911,24.6559001,Newsec Asset Management  Oy,None,None
173350,"kerrostalo, 68, 5 m2 | 3h+kt+s",1103.0,"Espoo, Kilo, Nihtitorpankuja 5 A",http://www.vuokraovi.com//vuokra-asunto/espoo/kilo/kerrostalo/kolmio/173350,60.2054911,24.6559001,Newsec Asset Management  Oy,None,None
173352,"kerrostalo, 68, 5 m2 | 3h+kt+s",1110.0,"Espoo, Kilo, Nihtitorpankuja 5 A",http://www.vuokraovi.com//vuokra-asunto/espoo/kilo/kerrostalo/kolmio/173352,60.2054911,24.6559001,Newsec Asset Management  Oy,None,None
173354,"kerrostalo, 71 m2 | 3h+kt+s",1157.0,"Espoo, Kilo, Nihtitorpankuja 5 A",http://www.vuokraovi.com//vuokra-asunto/espoo/kilo/kerrostalo/kolmio/173354,60.2054911,24.6559001,Newsec Asset Management  Oy,None,None
173284,"kerrostalo, 48, 5 m2 | 2H+KK+S",860.0,"Espoo, Leppavaara, Itsehallintotie 1",http://www.vuokraovi.com//vuokra-asunto/espoo/leppavaara/kerrostalo/kaksio/173284,60.21159619999999,24.8214037,Ovenia (co. Keskinainen Elakevakuutusyhtio Ilmarinen),None,None
173235,"kerrostalo, 50, 5 m2 | 2h, k, kph, p",850.0,"Espoo, Haukilahti, Haukilahdenranta 21 C",http://www.vuokraovi.com//vuokra-asunto/espoo/haukilahti/kerrostalo/kaksio/173235,60.1586113,24.765055,Kiinteistotoimisto Takio LKV [A],None,None
173176,"kerrostalo, 101, 5 m2 | Unfurnished 3r, s, balcony",2100.0,"Espoo, Tapiola, Kaupinkalliontie 1 A",http://www.vuokraovi.com//vuokra-asunto/espoo/tapiola/kerrostalo/kolmio/173176,60.179241,24.8004685,Celine Oy Ab LKV AFM,None,None
173119,"kerrostalo, 102, 5 m2 | 5 h + kt + s",2250.0,"Helsinki, Kalasatama, Antareksenkatu 22 A",http://www.vuokraovi.com//vuokra-asunto/helsinki/kalasatama/kerrostalo/5h+/173119,60.18507699999999,24.979499,Agency info missing,None,None
173031,"kerrostalo, 37, 5 m2 | 2k+kt",780.0,"Espoo, Espoon keskus, Valakuja 2 B",http://www.vuokraovi.com//vuokra-asunto/espoo/espoon+keskus/kerrostalo/kaksio/173031,60.2031927,24.661925,Newsec Asset Management  Oy,None,None
173032,"kerrostalo, 67, 5 m2 | 3h+kk+s",1150.0,"Espoo, Espoon keskus, Valakuja 2 B",http://www.vuokraovi.com//vuokra-asunto/espoo/espoon+keskus/kerrostalo/kolmio/173032,60.2031927,24.661925,Newsec Asset Management  Oy,None,None
173033,"kerrostalo, 79 m2 | 3h+k+s",1290.0,"Espoo, Espoon keskus, Valakuja 2 B",http://www.vuokraovi.com//vuokra-asunto/espoo/espoon+keskus/kerrostalo/kolmio/173033,60.2031927,24.661925,Newsec Asset Management  Oy,None,None
173034,"kerrostalo, 38, 5 m2 | 2h+kt",790.0,"Espoo, Espoon keskus, Valakuja 2 C",http://www.vuokraovi.com//vuokra-asunto/espoo/espoon+keskus/kerrostalo/kaksio/173034,60.2031927,24.661925,Newsec Asset Management  Oy,None,None
173035,"kerrostalo, 56 m2 | 2h+kk+s",990.0,"Espoo, Espoon keskus, Valakuja 2 D",http://www.vuokraovi.com//vuokra-asunto/espoo/espoon+keskus/kerrostalo/kaksio/173035,60.2031927,24.661925,Newsec Asset Management  Oy,None,None
172738,"kerrostalo, 59, 5 m2 | 2h+k+s",899.0,"Espoo, Tuomarila, Tuomarilantie 9",http://www.vuokraovi.com//vuokra-asunto/espoo/tuomarila/kerrostalo/kaksio/172738,60.20557139999999,24.6818327,"TA-Asunnot Oy, Espoo",None,None
172680,"kerrostalo, 46 m2 | 2h, kk, kh, parveke",1020.0,"Helsinki, Hermanni, Haukilahdenkuja 13",http://www.vuokraovi.com//vuokra-asunto/helsinki/hermanni/kerrostalo/kaksio/172680,60.1966237,24.971324,Paakaupunkiseutu Suuromistajien vuokra-asunnot,None,None
172615,"paritalo, 119 m2 | 4h+k+s+khh",1999.0,"Espoo, Nuottaniemi, Nuottatie 1",http://www.vuokraovi.com//vuokra-asunto/espoo/nuottaniemi/paritalo/4h/172615,60.147667,24.7415254,"TA-Asunnot Oy, Espoo",None,None
172594,"kerrostalo, 85, 5 m2 | Unfurnished penthouse; 3r",1890.0,"Helsinki, Punavuori, Iso Roobertinkatu 8 A",http://www.vuokraovi.com//vuokra-asunto/helsinki/punavuori/kerrostalo/kolmio/172594,60.1637661,24.9431726,Celine Oy Ab LKV AFM,None,None
172353,"kerrostalo, 49 m2 | 2h, avok., lasitettu parveke",955.0,"Espoo, Niittykumpu, Niittytaival 9",http://www.vuokraovi.com//vuokra-asunto/espoo/niittykumpu/kerrostalo/kaksio/172353,60.1695934,24.7747961,Paakaupunkiseutu Suuromistajien vuokra-asunnot,None,None
172317,"kerrostalo, 55 m2 | 2h, kk, s",940.0,"Espoo, Olari, Piispankallionpaa 2",http://www.vuokraovi.com//vuokra-asunto/espoo/olari/kerrostalo/kaksio/172317,60.16595049999999,24.7437711,Paakaupunkiseutu Suuromistajien vuokra-asunnot,None,None
172304,"kerrostalo, 73 m2 | Unfurnished 2 rooms, kitchen",1850.0,"Helsinki, Ullanlinna, Merikatu 35 A",http://www.vuokraovi.com//vuokra-asunto/helsinki/ullanlinna/kerrostalo/kaksio/172304,60.1558271,24.9358333,Celine Oy Ab LKV AFM,None,None
172255,"kerrostalo, 61 m2 | 3h+kk+s+p",1158.0,"Espoo, Makkyla, Adjutantinkatu 3",http://www.vuokraovi.com//vuokra-asunto/espoo/makkyla/kerrostalo/kolmio/172255,60.22170629999999,24.8348804,Paakaupunkiseutu Suuromistajien vuokra-asunnot,None,None
172233,"kerrostalo, 44, 5 m2 | 2h+kk",899.0,"Espoo, Makkyla, Adjutantinkatu 3",http://www.vuokraovi.com//vuokra-asunto/espoo/makkyla/kerrostalo/kaksio/172233,60.22170629999999,24.8348804,Paakaupunkiseutu Suuromistajien vuokra-asunnot,None,None
172211,"kerrostalo, 133 m2 | 4h + k + kph + wc + vh + p",3400.0,"Helsinki, Eira, Juhani Ahon tie 8 A",http://www.vuokraovi.com//vuokra-asunto/helsinki/eira/kerrostalo/4h/172211,60.1560538,24.9405678,Vuokraturva Oy LKV [A],None,None
172142,"kerrostalo, 64, 5 m2 | 2h+kt+s+parveke",1037.0,"Helsinki, Herttoniemi, Laivalahdenportti 3",http://www.vuokraovi.com//vuokra-asunto/helsinki/herttoniemi/kerrostalo/kaksio/172142,60.19207749999999,25.0346335,Ovenia (co. Keskinainen Elakevakuutusyhtio Ilmarinen),None,None
172137,"kerrostalo, 56 m2 | KALUSTETTU 2H+K+KPH",1560.0,"Helsinki, Kamppi, Kalevankatu 21 A",http://www.vuokraovi.com//vuokra-asunto/helsinki/kamppi/kerrostalo/kaksio/172137,60.166433,24.9350958,Smartmove Oy,None,None
172119,"kerrostalo, 96 m2 | 3H+K+S",1782.0,"Helsinki, Toukola, Kotisaarenkatu 3 H",http://www.vuokraovi.com//vuokra-asunto/helsinki/toukola/kerrostalo/kolmio/172119,60.20265589999999,24.970451,Newsec Asset Management  Oy,None,None
172121,"kerrostalo, 55 m2 | 2 H + K + S",880.0,"Espoo, Saunalahti, Saunalahdenkatu 16",http://www.vuokraovi.com//vuokra-asunto/espoo/saunalahti/kerrostalo/kaksio/172121,60.16559290000001,24.6147356,Newsec Asset Management  Oy,None,None
172123,"kerrostalo, 31 m2 | 1H+AVOK",750.0,"Helsinki, Rastila, Retkeilijankatu 3 A",http://www.vuokraovi.com//vuokra-asunto/helsinki/rastila/kerrostalo/yksio/172123,60.20592319999999,25.1204993,Newsec Asset Management  Oy,None,None
172090,"kerrostalo, 50 m2 | 2H+K",1148.0,"Espoo, Leppavaara, Linnatullinkatu 1",http://www.vuokraovi.com//vuokra-asunto/espoo/leppavaara/kerrostalo/kaksio/172090,60.2189922,24.8083298,Ovenia Isannointi Oy,None,None
172049,"omakotitalo, 290 m2 | 6h + k + kph + 2 erillista wc:",2695.0,"Helsinki, Konala, Kyntajantie 14",http://www.vuokraovi.com//vuokra-asunto/helsinki/konala/omakotitalo/5h+/172049,60.23187730000001,24.8426646,Vuokraturva Oy LKV [A],None,None
172032,"kerrostalo, 54 m2 | 2h, avok., lasitettu parveke",1170.0,"Espoo, Tapiola, Revontulentie 11",http://www.vuokraovi.com//vuokra-asunto/espoo/tapiola/kerrostalo/kaksio/172032,60.1719133,24.8040988,Paakaupunkiseutu Suuromistajien vuokra-asunnot,None,None
171956,"kerrostalo, 67 m2 | 3h, avok, kph/s, las.p",1100.0,"Helsinki, Konala, Vahantuvantie 1b",http://www.vuokraovi.com//vuokra-asunto/helsinki/konala/kerrostalo/kolmio/171956,60.2347001,24.8530712,"Kiinteistomaailma | Hki-Lansi, Lauttasaari, Asuntovarma Oy",None,None
171937,"kerrostalo, 47 m2 | 2h, k",882.0,"Espoo, Kiltakallio, Valakuja 8",http://www.vuokraovi.com//vuokra-asunto/espoo/kiltakallio/kerrostalo/kaksio/171937,60.2032944,24.6600139,Paakaupunkiseutu Suuromistajien vuokra-asunnot,None,None
171774,"kerrostalo, 55 m2 | 2h, k, kph, vh, parveke",890.0,"Espoo, Haukilahti, Hauenkalliontie 8 D",http://www.vuokraovi.com//vuokra-asunto/espoo/haukilahti/kerrostalo/kaksio/171774,60.16245290000001,24.7702274,Area m2 Oy LKV / Asumaan.fi,None,None
171742,"kerrostalo, 90 m2 | 4h+k+s+lasitettu p",1409.0,"Helsinki, Vanha Vuosaari, Merikorttikuja 4 B 43",http://www.vuokraovi.com//vuokra-asunto/helsinki/vanha+vuosaari/kerrostalo/4h/171742,60.17332440000001,24.9410248,Keva,None,None
171732,"kerrostalo, 73 m2 | 3h+k+s+lasitettu parveke",1526.43,"Helsinki, Jatkasaari, Tyynenmerenkatu 3 C 69",http://www.vuokraovi.com//vuokra-asunto/helsinki/jatkasaari/kerrostalo/kolmio/171732,60.1590615,24.9212216,Keva,None,None
171703,"kerrostalo, 58 m2 | 2H+K",1160.0,"Helsinki, Rastila, Retkeilijankatu 3 A",http://www.vuokraovi.com//vuokra-asunto/helsinki/rastila/kerrostalo/kaksio/171703,60.20592319999999,25.1204993,Newsec Asset Management  Oy,None,None
171709,"kerrostalo, 60 m2 | 2H+K",1180.0,"Helsinki, Rastila, Retkeilijankatu 5 A",http://www.vuokraovi.com//vuokra-asunto/helsinki/rastila/kerrostalo/kaksio/171709,60.2058997,25.1208972,Newsec Asset Management  Oy,None,None
171715,"kerrostalo, 49 m2 | 2H+KK",920.0,"Helsinki, Rastila, Retkeilijankatu 7 A",http://www.vuokraovi.com//vuokra-asunto/helsinki/rastila/kerrostalo/kaksio/171715,60.205602,25.12218,Newsec Asset Management  Oy,None,None
171716,"kerrostalo, 60 m2 | 2H+K",1180.0,"Helsinki, Rastila, Retkeilijankatu 7 A",http://www.vuokraovi.com//vuokra-asunto/helsinki/rastila/kerrostalo/kaksio/171716,60.205602,25.12218,Newsec Asset Management  Oy,None,None
171568,"kerrostalo, 87, 5 m2 | 3h+k",1707.0,"Helsinki, Munkkiniemi, Perustie 16",http://www.vuokraovi.com//vuokra-asunto/helsinki/munkkiniemi/kerrostalo/4h/171568,60.1978569,24.8813714,SATO Vuokraus ja myynti / Helsinki,None,None
171569,"kerrostalo, 72, 5 m2 | 3h+k+s",1250.0,"Helsinki, Vuosaari, Pohjavedenkatu 10",http://www.vuokraovi.com//vuokra-asunto/helsinki/vuosaari/kerrostalo/kolmio/171569,60.20587450000001,25.1388838,SATO Vuokraus ja myynti / Helsinki,None,None
171555,"kerrostalo, 42, 5 m2 | 2h, kk, kph, wc, p",1819.0,"Espoo, Tapiola, Vemmelsaarentie 2",http://www.vuokraovi.com//vuokra-asunto/espoo/tapiola/kerrostalo/kaksio/171555,60.1831498,24.7920537,Majoituspalvelu Forenom Oy,None,None
171488,"kerrostalo, 57 m2 | 2h, k, sauna, parveke",920.0,"Espoo, Kiltakallio, Viirikuja 1",http://www.vuokraovi.com//vuokra-asunto/espoo/kiltakallio/kerrostalo/kaksio/171488,60.1995181,24.6575346,Paakaupunkiseutu Suuromistajien vuokra-asunnot,None,None
171434,"kerrostalo, 123 m2 | 3 h + k + kph + wc",3500.0,"Helsinki, Kruununhaka, Meritullinkatu 28-30 c 15",http://www.vuokraovi.com//vuokra-asunto/helsinki/kruununhaka/kerrostalo/kolmio/171434,60.1748852,24.9579356,Agency info missing,None,None
171466,"omakotitalo, 40 m2 | 1h+k+kph+sauna",1190.0,"Espoo, Suvisaaristo, Suvisaarentie",http://www.vuokraovi.com//vuokra-asunto/espoo/suvisaaristo/omakotitalo/yksio/171466,60.12711259999999,24.6977793,Agency info missing,None,None
171463,"kerrostalo, 147 m2 | 4h, k, rt, sauna, kph, wc, khh/wc, vh",4500.0,"Helsinki, Lauttasaari, Purjeentekijankuja 1 B",http://www.vuokraovi.com//vuokra-asunto/helsinki/lauttasaari/kerrostalo/4h/171463,60.14760459999999,24.8880489,"SUOMEN AULA LKV OY, Paakaupunkiseutu",None,None
171297,"kerrostalo, 50 m2 | 2h + k + kph + lasitettu p",850.0,"Espoo, Haukilahti, Pitkankalliontie 5-7 B",http://www.vuokraovi.com//vuokra-asunto/espoo/haukilahti/kerrostalo/kaksio/171297,60.1583287,24.7795482,Vuokraturva Oy LKV [A],None,None
171227,"kerrostalo, 41 m2 | 2H+KT",987.12,"Helsinki, Lauttasaari, Vattuniemenkuja 8",http://www.vuokraovi.com//vuokra-asunto/helsinki/lauttasaari/kerrostalo/kaksio/171227,60.1533252,24.8822535,Ovenia Isannointi Oy,None,None
170807,"kerrostalo, 137 m2 | 4H+K+2xKPH+WC+P",3500.0,"Helsinki, Katajanokka, Pormestarinrinne 13 C",http://www.vuokraovi.com//vuokra-asunto/helsinki/katajanokka/kerrostalo/4h/170807,60.1690759,24.9623651,Smartmove Oy,None,None
171168,"kerrostalo, 56 m2 | 2h + k + kph + vh",747.0,"Espoo, Suvela, Kirstinsyrja 6 A",http://www.vuokraovi.com//vuokra-asunto/espoo/suvela/kerrostalo/kaksio/171168,60.2051734,24.6707589,Vuokraturva Oy LKV [A],None,None
170861,"erillistalo, 189 m2 | VILLA; 7r, s, GARAGE",3000.0,"Espoo, Koukkuniemi, Koukkuniemenkuja 1",http://www.vuokraovi.com//vuokra-asunto/espoo/koukkuniemi/erillistalo/5h+/170861,60.15346580000001,24.7643953,Celine Oy Ab LKV AFM,None,None
170794,"kerrostalo, 66 m2 | 2h + kk + s",1640.0,"Helsinki, Hietalahti, Bulevardi 54 B",http://www.vuokraovi.com//vuokra-asunto/helsinki/hietalahti/kerrostalo/kaksio/170794,60.1618751,24.9300165,Agency info missing,None,None
170755,"kerrostalo, 46, 5 m2 | 2 h, kk, kh, parveke",820.0,"Helsinki, Pukinmaki, Saveltie 3",http://www.vuokraovi.com//vuokra-asunto/helsinki/pukinmaki/kerrostalo/kaksio/170755,60.24747859999999,24.9873477,Paakaupunkiseutu Yksityisomistajien vuokra-asunnot,None,None
170751,"kerrostalo, 64 m2 | 2 h + k + kph + parveke",1200.0,"Helsinki, Toolo, Topeliuksenkatu",http://www.vuokraovi.com//vuokra-asunto/helsinki/toolo/kerrostalo/kaksio/170751,60.1851089,24.9166781,Agency info missing,None,None
170732,"kerrostalo, 55 m2 | 2h+k+s",1148.0,"Helsinki, Verajalaakso, Tulvaniitynpolku 5",http://www.vuokraovi.com//vuokra-asunto/helsinki/verajalaakso/kerrostalo/kaksio/170732,60.23214129999999,24.9817371,SATO Vuokraus ja myynti / Helsinki,None,None
170738,"rivitalo, 76 m2 | 3h+k",1323.0,"Helsinki, Mellunkyla, Tuhkanummenkuja 1",http://www.vuokraovi.com//vuokra-asunto/helsinki/mellunkyla/rivitalo/kolmio/170738,60.23376990000001,25.1015388,SATO Vuokraus ja myynti / Helsinki,None,None
170684,"kerrostalo, 86 m2 | 4H+KT+S",1520.47,"Helsinki, Viikki, Viikinportti 2",http://www.vuokraovi.com//vuokra-asunto/helsinki/viikki/kerrostalo/4h/170684,60.2265964,25.008537,Ovenia Isannointi Oy,None,None
170549,"kerrostalo, 43 m2 | 2h+kk",850.0,"Espoo, Laajalahti, Kirvuntie 18 A-B",http://www.vuokraovi.com//vuokra-asunto/espoo/laajalahti/kerrostalo/kaksio/170549,60.2029514,24.804216,SATO Vuokraus ja myynti / Helsinki,None,None
170561,"kerrostalo, 47 m2 | 2h+kk",1095.0,"Helsinki, Pitajanmaki, Kylakirkontie 13",http://www.vuokraovi.com//vuokra-asunto/helsinki/pitajanmaki/kerrostalo/kaksio/170561,60.2243405,24.8431387,Agency info missing,None,None
170563,"kerrostalo, 53 m2 | 2h+k",1089.0,"Helsinki, Etela-Haaga, Isonnevantie 18",http://www.vuokraovi.com//vuokra-asunto/helsinki/etela-haaga/kerrostalo/kaksio/170563,60.2160493,24.8918793,SATO Vuokraus ja myynti / Helsinki,None,None
170376,"kerrostalo, 52 m2 | 2 h, kk, s, parveke",898.0,"Espoo, Matinkyla, Kala-Maija 4 A",http://www.vuokraovi.com//vuokra-asunto/espoo/matinkyla/kerrostalo/kaksio/170376,60.15899979999999,24.740901,Suomen Laatuasunnot Oy,None,None
170377,"paritalo, 134 m2 | 3mh kph vh oh k rt wc s/kph kh",1900.0,"Helsinki, Vermonrinne 14 B",http://www.vuokraovi.com//vuokra-asunto/helsinki/paritalo/5h+/170377,60.21846869999999,24.8436747,Kiinteistotoimisto Takio LKV [A],None,None
170336,"kerrostalo, 80 m2 | Kerrostalo",1530.0,"Helsinki, Arabiankatu 4 B 58",http://www.vuokraovi.com//vuokra-asunto/helsinki/kerrostalo/kolmio/170336,60.20681990000001,24.9769599,Paakaupunkiseutu Suuromistajien vuokra-asunnot,None,None
170193,"kerrostalo, 57 m2 | 2H+KK",997.5,"Helsinki, Kallio, Fleminginkatu 10",http://www.vuokraovi.com//vuokra-asunto/helsinki/kallio/kerrostalo/kaksio/170193,60.18575309999999,24.9531218,Ovenia Isannointi Oy,None,None
170141,"kerrostalo, 46, 5 m2 | 1h+kk",1230.0,"Helsinki, Taka-Toolo, Valskarinkatu 4",http://www.vuokraovi.com//vuokra-asunto/helsinki/taka-toolo/kerrostalo/yksio/170141,60.17781919999999,24.9208993,SATO Vuokraus ja myynti / Helsinki,None,None
170060,"kerrostalo, 64, 5 m2 | 3 h + kk + terassi",1058.25,"Espoo, Suurpelto, Piilipuuntie 1 B",http://www.vuokraovi.com//vuokra-asunto/espoo/suurpelto/kerrostalo/kolmio/170060,60.1850196,24.7397957,Asuntosaatio,None,None
170047,"kerrostalo, 60, 5 m2 | 2H+K",927.0,"Espoo, Espoon keskus, Asemakuja 3",http://www.vuokraovi.com//vuokra-asunto/espoo/espoon+keskus/kerrostalo/kaksio/170047,60.20477349999999,24.6592122,Lumo / VVO-kotikeskus PKS,None,None
170152,"kerrostalo, 55, 5 m2 | 2h+k",900.0,"Helsinki, Kannelmaki, Pelimannintie 24 K 98",http://www.vuokraovi.com//vuokra-asunto/helsinki/kannelmaki/kerrostalo/kaksio/170152,60.23602819999999,24.8758315,Agency info missing,None,None
169881,"kerrostalo, 72 m2 | 3 h, kk, sauna, lasitettu tera",1155.0,"Helsinki, Myllypuro, Kiviparintie 2",http://www.vuokraovi.com//vuokra-asunto/helsinki/myllypuro/kerrostalo/kolmio/169881,60.22455189999999,25.0745293,Paakaupunkiseutu Yksityisomistajien vuokra-asunnot,None,None
169846,"kerrostalo, 43, 5 m2 | 2h + kk + kph",950.0,"Helsinki, Ruskeasuo, Kiskontie 6 A",http://www.vuokraovi.com//vuokra-asunto/helsinki/ruskeasuo/kerrostalo/kaksio/169846,60.1990888,24.9039991,Vuokraturva Oy LKV [A],None,None
169822,"kerrostalo, 86 m2 | 3h, k, kph, s, wc",2675.0,"Helsinki, Plazankuja 3",http://www.vuokraovi.com//vuokra-asunto/helsinki/kerrostalo/kolmio/169822,60.1913788,24.9670819,Majoituspalvelu Forenom Oy,None,None
169796,"kerrostalo, 63, 5 m2 | 2H+K",1485.0,"Helsinki, Katajanokka, Linnankatu 11",http://www.vuokraovi.com//vuokra-asunto/helsinki/katajanokka/kerrostalo/kaksio/169796,60.1654332,24.9708428,Lumo / VVO-kotikeskus PKS,None,None
169733,"kerrostalo, 114 m2 | 3h + k + kph + wc + p",2290.0,"Helsinki, Etu-Toolo, Lutherinkatu 6 A",http://www.vuokraovi.com//vuokra-asunto/helsinki/etu-toolo/kerrostalo/kolmio/169733,60.1728537,24.9265756,Vuokraturva Oy LKV [A],None,None
169196,"kerrostalo, 59, 5 m2 | 2H+K",818.0,"Espoo, Suvela, Joupinmaenrinne 6",http://www.vuokraovi.com//vuokra-asunto/espoo/suvela/kerrostalo/kaksio/169196,60.2030717,24.6749331,Lumo / VVO-kotikeskus PKS,None,None
169203,"kerrostalo, 60, 5 m2 | 2H+K+S",1680.0,"Helsinki, Katajanokka, Linnankatu 11",http://www.vuokraovi.com//vuokra-asunto/helsinki/katajanokka/kerrostalo/kaksio/169203,60.1654332,24.9708428,Lumo / VVO-kotikeskus PKS,None,None
169213,"kerrostalo, 59 m2 | 2H+K+S",953.0,"Espoo, Ymmersta, Ullantorpantie 3",http://www.vuokraovi.com//vuokra-asunto/espoo/ymmersta/kerrostalo/kaksio/169213,60.2053451,24.7040927,Lumo / VVO-kotikeskus PKS,None,None
169296,"kerrostalo, 60 m2 | 2H+K",1035.0,"Helsinki, Tapulikaupunki, Kasityolaisentie 4-10",http://www.vuokraovi.com//vuokra-asunto/helsinki/tapulikaupunki/kerrostalo/kaksio/169296,60.2732085,25.033676,Lumo / VVO-kotikeskus PKS,None,None
169298,"kerrostalo, 38, 5 m2 | 1H+K",999.0,"Helsinki, Toolo, Mechelininkatu 6",http://www.vuokraovi.com//vuokra-asunto/helsinki/toolo/kerrostalo/yksio/169298,60.1710132,24.9201004,Lumo / VVO-kotikeskus PKS,None,None
169319,"kerrostalo, 46 m2 | 2H+KK",920.0,"Espoo, Espoon keskus, Asemakuja 1",http://www.vuokraovi.com//vuokra-asunto/espoo/espoon+keskus/kerrostalo/kaksio/169319,60.2044552,24.6596798,Lumo / VVO-kotikeskus PKS,None,None
169322,"kerrostalo, 36, 5 m2 | 1H+KK",798.0,"Espoo, Suurpelto, Piilipuuntie 25",http://www.vuokraovi.com//vuokra-asunto/espoo/suurpelto/kerrostalo/yksio/169322,60.18884879999999,24.7386435,Lumo / VVO-kotikeskus PKS,None,None
169326,"kerrostalo, 59 m2 | 2H+K",981.0,"Espoo, Suurpelto, Piilipuuntie 31",http://www.vuokraovi.com//vuokra-asunto/espoo/suurpelto/kerrostalo/kaksio/169326,60.18954199999999,24.7378153,Lumo / VVO-kotikeskus PKS,None,None
169327,"kerrostalo, 39, 5 m2 | 1H+KT",813.0,"Espoo, Suurpelto, Piilipuuntie 31",http://www.vuokraovi.com//vuokra-asunto/espoo/suurpelto/kerrostalo/yksio/169327,60.18954199999999,24.7378153,Lumo / VVO-kotikeskus PKS,None,None
169155,"kerrostalo, 79, 5 m2 | 3H+KK+S",1371.96,"Espoo, Leppavaara, Linnatullinkatu 1",http://www.vuokraovi.com//vuokra-asunto/espoo/leppavaara/kerrostalo/kolmio/169155,60.2189922,24.8083298,Ovenia Isannointi Oy,None,None
169069,"kerrostalo, 54, 5 m2 | 2h+k",1659.0,"Helsinki, Pohjois-Haaga, Eliel Saarisen tie 10",http://www.vuokraovi.com//vuokra-asunto/helsinki/pohjois-haaga/kerrostalo/kaksio/169069,60.22563039999999,24.8994445,SATO Vuokraus ja myynti / Helsinki,None,None
169071,"kerrostalo, 43, 7 m2 | 2h+kk",1095.0,"Helsinki, Meilahti, Kuusitie 9",http://www.vuokraovi.com//vuokra-asunto/helsinki/meilahti/kerrostalo/kaksio/169071,60.1947926,24.8985223,SATO Vuokraus ja myynti / Helsinki,None,None
169074,"kerrostalo, 58 m2 | 2h+k",1145.0,"Helsinki, Pikku Huopalahti, Tilkankatu 6",http://www.vuokraovi.com//vuokra-asunto/helsinki/pikku+huopalahti/kerrostalo/kaksio/169074,60.2030751,24.8942589,SATO Vuokraus ja myynti / Helsinki,None,None
169076,"kerrostalo, 59, 5 m2 | 2h+k+s",1160.0,"Espoo, Leppavaara, Bertel Jungin aukio 4",http://www.vuokraovi.com//vuokra-asunto/espoo/leppavaara/kerrostalo/kaksio/169076,60.21681449999999,24.8142201,SATO Vuokraus ja myynti / Helsinki,None,None
169055,"kerrostalo, 53 m2 | 2h+kt+s+p",1015.0,"Espoo, Painiitty, Pikkulotankuja 4 E",http://www.vuokraovi.com//vuokra-asunto/espoo/painiitty/kerrostalo/kaksio/169055,60.2054911,24.6559001,Newsec Asset Management  Oy,None,None
168957,"kerrostalo, 94, 7 m2 | 3h, k, kh, wc, sauna",1990.0,"Helsinki, Ullanlinna, Korkeavuorenkatu 2 a",http://www.vuokraovi.com//vuokra-asunto/helsinki/ullanlinna/kerrostalo/kolmio/168957,60.15977770000001,24.946434,Paakaupunkiseutu Suuromistajien vuokra-asunnot,None,None
168849,"paritalo, 95 m2 | 4H+K+S",1598.0,"Espoo, Nuottalahti, Nuottalahdentie 32",http://www.vuokraovi.com//vuokra-asunto/espoo/nuottalahti/paritalo/4h/168849,60.15102619999999,24.7268626,Lumo / VVO-kotikeskus PKS,None,None
168850,"kerrostalo, 46 m2 | 2H+KK+S",886.0,"Espoo, Ymmersta, Ullantorpantie 1",http://www.vuokraovi.com//vuokra-asunto/espoo/ymmersta/kerrostalo/kaksio/168850,60.2057557,24.704242,Lumo / VVO-kotikeskus PKS,None,None
168799,"kerrostalo, 76, 5 m2 | 3h + k + kph + wc + s + p",895.0,"Helsinki, Vesala, Rekipellontie 8 B",http://www.vuokraovi.com//vuokra-asunto/helsinki/vesala/kerrostalo/kolmio/168799,60.2386079,25.0944914,Vuokraturva Oy LKV [A],None,None
168755,"kerrostalo, 58 m2 | 2 h, k, kh, lasitettu parveke",950.0,"Espoo, Tapiola, Otsolahdentie 18",http://www.vuokraovi.com//vuokra-asunto/espoo/tapiola/kerrostalo/kaksio/168755,60.17850139999999,24.8178085,Paakaupunkiseutu Yksityisomistajien vuokra-asunnot,None,None
168520,"kerrostalo, 48 m2 | 1h+keittio",980.0,"Helsinki, Toolo, Caloniuksenkatu 7 A",http://www.vuokraovi.com//vuokra-asunto/helsinki/toolo/kerrostalo/yksio/168520,60.1746003,24.9211416,Parnassia Oy,None,None
168489,"kerrostalo, 71 m2 | 3h+k+sauna+parveke",1075.0,"Helsinki, Reimarla, Piispantie 2",http://www.vuokraovi.com//vuokra-asunto/helsinki/reimarla/kerrostalo/kolmio/168489,60.2296223,24.8469396,Ovenia (co. Keskinainen Elakevakuutusyhtio Ilmarinen),None,None
168399,"kerrostalo, 57 m2 | FURNISHED 2 rooms",1350.0,"Helsinki, Kamppi, Kalevankatu 21 A",http://www.vuokraovi.com//vuokra-asunto/helsinki/kamppi/kerrostalo/kaksio/168399,60.166433,24.9350958,Celine Oy Ab LKV AFM,None,None
168388,"kerrostalo, 54 m2 | FURNISHED 2r, k, balcony",990.0,"Espoo, Matinkyla, Etuniementie 4 B",http://www.vuokraovi.com//vuokra-asunto/espoo/matinkyla/kerrostalo/kaksio/168388,60.1600943,24.7236322,Celine Oy Ab LKV AFM,None,None
167978,"kerrostalo, 107, 5 m2 | FURNISHED 4r, balc, PARKING",2000.0,"Helsinki, Hietalahti, Eerikinkatu 43 B",http://www.vuokraovi.com//vuokra-asunto/helsinki/hietalahti/kerrostalo/kolmio/167978,60.1636574,24.9248873,Celine Oy Ab LKV AFM,None,None
168356,"kerrostalo, 50, 5 m2 | 2h+k+kph",1000.0,"Helsinki, Lauttasaari, Taivaanvuohentie 9 b 26",http://www.vuokraovi.com//vuokra-asunto/helsinki/lauttasaari/kerrostalo/kaksio/168356,60.16172759999999,24.8816953,Agency info missing,None,None
168347,"kerrostalo, 50, 5 m2 | 2H+KT+S",1060.0,"Espoo, Matinkyla, Matinniitynkuja 3 B 42",http://www.vuokraovi.com//vuokra-asunto/espoo/matinkyla/kerrostalo/kaksio/168347,60.1598838,24.7443331,Agency info missing,None,None
168348,"kerrostalo, 75, 5 m2 | 2H+K+S",1420.0,"Helsinki, Punavuori, Bulevardi 52",http://www.vuokraovi.com//vuokra-asunto/helsinki/punavuori/kerrostalo/kaksio/168348,60.161975,24.9308874,Paakaupunkiseutu Yksityisomistajien vuokra-asunnot,None,None
168268,"kerrostalo, 57 m2 | 2H+K+S",890.0,"Espoo, Leppavaara, Postipuuntie 10",http://www.vuokraovi.com//vuokra-asunto/espoo/leppavaara/kerrostalo/kaksio/168268,60.22213300000001,24.8232777,Ovenia (co. Keskinainen Elakevakuutusyhtio Ilmarinen),None,None
168184,"kerrostalo, 26 m2 | 1H + K + LASITETTU PARVEKE",840.0,"Helsinki, Kamppi, Koydenpunojankatu 8",http://www.vuokraovi.com//vuokra-asunto/helsinki/kamppi/kerrostalo/yksio/168184,60.16380239999999,24.9239742,Agency info missing,None,None
168091,"kerrostalo, 44 m2 | 2H+KK",813.42,"Espoo, Vesirattaanmaki, Vesirattaanmaki 1",http://www.vuokraovi.com//vuokra-asunto/espoo/vesirattaanmaki/kerrostalo/kaksio/168091,60.2266801,24.665944,Ovenia Isannointi Oy,None,None
168049,"kerrostalo, 13 m2 | 1h, yhteiset tilat",796.0,"Espoo, Kivenlahti, Aallonhuippu 4",http://www.vuokraovi.com//vuokra-asunto/espoo/kivenlahti/kerrostalo/yksio/168049,60.1509698,24.6379218,Majoituspalvelu Forenom Oy,None,None
167942,"kerrostalo, 57 m2 | 2h, kt, alk.",931.0,"Espoo, Nihtisilta, Nihtitorpankuja 7",http://www.vuokraovi.com//vuokra-asunto/espoo/nihtisilta/kerrostalo/kaksio/167942,60.20871969999999,24.7533344,Paakaupunkiseutu Suuromistajien vuokra-asunnot,None,None
167946,"kerrostalo, 57 m2 | 2h, kt, alk.",951.0,"Espoo, Nihtisilta, Nihtitorpankuja 7",http://www.vuokraovi.com//vuokra-asunto/espoo/nihtisilta/kerrostalo/kaksio/167946,60.20871969999999,24.7533344,Paakaupunkiseutu Suuromistajien vuokra-asunnot,None,None
167855,"kerrostalo, 24 m2 | 1h+kk",807.0,"Helsinki, Pohjois-Haaga, Ida Aalbergin tie 3 a",http://www.vuokraovi.com//vuokra-asunto/helsinki/pohjois-haaga/kerrostalo/yksio/167855,60.23016819999999,24.8995442,SATO Vuokraus ja myynti / Helsinki,None,None
167786,"kerrostalo, 50 m2 | RESERVED 2r, balcony",1450.0,"Helsinki, Kamppi, RESERVED Runeberginkatu 4 B B",http://www.vuokraovi.com//vuokra-asunto/helsinki/kamppi/kerrostalo/kaksio/167786,60.17332440000001,24.9410248,Celine Oy Ab LKV AFM,None,None
167782,"kerrostalo, 58 m2 | 2H+K+S",989.0,"Espoo, Matinkyla, Puntaritie 2",http://www.vuokraovi.com//vuokra-asunto/espoo/matinkyla/kerrostalo/kaksio/167782,60.161593,24.7358568,Ovenia (co. Keskinainen Elakevakuutusyhtio Ilmarinen),None,None
167727,"kerrostalo, 48, 5 m2 | 2 h + kt + kph + lasitettu par",890.0,"Espoo, Tiistila, Etuniementie 1 A",http://www.vuokraovi.com//vuokra-asunto/espoo/tiistila/kerrostalo/kaksio/167727,60.1604542,24.7244342,Asuntoverstas Hallinnointi ja vuokraus Oy,None,None
167710,"kerrostalo, 53 m2 | 2h, kt, s",926.0,"Espoo, Nihtisilta, Nihtitorpankuja 7",http://www.vuokraovi.com//vuokra-asunto/espoo/nihtisilta/kerrostalo/kaksio/167710,60.20871969999999,24.7533344,Paakaupunkiseutu Suuromistajien vuokra-asunnot,None,None
167711,"kerrostalo, 49, 5 m2 | 2h, kt",844.0,"Espoo, Nihtisilta, Nihtitorpankuja 7",http://www.vuokraovi.com//vuokra-asunto/espoo/nihtisilta/kerrostalo/kaksio/167711,60.20871969999999,24.7533344,Paakaupunkiseutu Suuromistajien vuokra-asunnot,None,None
167712,"kerrostalo, 49, 5 m2 | 2h, kt",834.0,"Espoo, Nihtisilta, Nihtitorpankuja 7",http://www.vuokraovi.com//vuokra-asunto/espoo/nihtisilta/kerrostalo/kaksio/167712,60.20871969999999,24.7533344,Paakaupunkiseutu Suuromistajien vuokra-asunnot,None,None
167683,"kerrostalo, 62, 5 m2 | 2 h, avok, kh, lasitettu parve",1314.0,"Helsinki, Jatkasaari, Kap Hornin katu 8",http://www.vuokraovi.com//vuokra-asunto/helsinki/jatkasaari/kerrostalo/kaksio/167683,60.15762050000001,24.9203444,Paakaupunkiseutu Yksityisomistajien vuokra-asunnot,None,None
167645,"kerrostalo, 43 m2 | 1h+kk",1170.0,"Helsinki, Taka-Toolo, Valskarinkatu 4",http://www.vuokraovi.com//vuokra-asunto/helsinki/taka-toolo/kerrostalo/yksio/167645,60.17781919999999,24.9208993,SATO Vuokraus ja myynti / Helsinki,None,None
167549,"kerrostalo, 49, 5 m2 | 2h, kt",873.0,"Espoo, Nihtisilta, Nihtitorpankuja 7",http://www.vuokraovi.com//vuokra-asunto/espoo/nihtisilta/kerrostalo/kaksio/167549,60.20871969999999,24.7533344,Paakaupunkiseutu Suuromistajien vuokra-asunnot,None,None
167525,"kerrostalo, 49, 5 m2 | 2h, kt",858.0,"Espoo, Nihtisilta, Nihtitorpankuja 7",http://www.vuokraovi.com//vuokra-asunto/espoo/nihtisilta/kerrostalo/kaksio/167525,60.20871969999999,24.7533344,Paakaupunkiseutu Suuromistajien vuokra-asunnot,None,None
167487,"kerrostalo, 68 m2 | 2h+kk+tyotila+s",1590.0,"Helsinki, Punavuori, Uudenmaankatu 28 A",http://www.vuokraovi.com//vuokra-asunto/helsinki/punavuori/kerrostalo/kolmio/167487,60.1636597,24.9387537,RE/MAX Casa Alto | Casa Alto Oy LKV,None,None
167416,"kerrostalo, 58 m2 | 2 h, kk, alk, kh, wc",1450.0,"Helsinki, Siltasaari, Pitkansillanranta 7-9 B",http://www.vuokraovi.com//vuokra-asunto/helsinki/siltasaari/kerrostalo/kaksio/167416,60.17730069999999,24.948418,Agency info missing,None,None
167421,"kerrostalo, 59 m2 | 2 h, kk, sauna, ranskalainen p",1289.0,"Helsinki, Kamppi, Eerikinkatu 41",http://www.vuokraovi.com//vuokra-asunto/helsinki/kamppi/kerrostalo/kaksio/167421,60.1638959,24.9255666,Paakaupunkiseutu Yksityisomistajien vuokra-asunnot,None,None
167413,"kerrostalo, 68, 5 m2 | 3 h, kk, sauna, parveke",1550.0,"Helsinki, Kamppi, Eerikinkatu 41",http://www.vuokraovi.com//vuokra-asunto/helsinki/kamppi/kerrostalo/kolmio/167413,60.1638959,24.9255666,Paakaupunkiseutu Yksityisomistajien vuokra-asunnot,None,None
167414,"kerrostalo, 63, 5 m2 | 2 h, kk, vh, sauna",1365.0,"Helsinki, Kamppi, Eerikinkatu 41",http://www.vuokraovi.com//vuokra-asunto/helsinki/kamppi/kerrostalo/kaksio/167414,60.1638959,24.9255666,Paakaupunkiseutu Yksityisomistajien vuokra-asunnot,None,None
167385,"kerrostalo, 69, 5 m2 | 3 h, k, sauna, lasitettu parve",1415.0,"Helsinki, Aurinkolahti, Aurinkotuulenkatu 8",http://www.vuokraovi.com//vuokra-asunto/helsinki/aurinkolahti/kerrostalo/kolmio/167385,60.2064598,25.1581551,Paakaupunkiseutu Suuromistajien vuokra-asunnot,None,None
167375,"kerrostalo, 62, 5 m2 | 2h+kt+s+parveke",1023.0,"Helsinki, Herttoniemi, Laivalahdenportti 3",http://www.vuokraovi.com//vuokra-asunto/helsinki/herttoniemi/kerrostalo/kaksio/167375,60.19207749999999,25.0346335,Ovenia (co. Keskinainen Elakevakuutusyhtio Ilmarinen),None,None
167349,"kerrostalo, 23 m2 | 1h, ak, kph, wc",1870.0,"Helsinki, Museokatu 21",http://www.vuokraovi.com//vuokra-asunto/helsinki/kerrostalo/yksio/167349,60.1752748,24.9238021,Majoituspalvelu Forenom Oy,None,None
167176,"kerrostalo, 51 m2 | FURNISHED 2r, sauna, balc",1980.0,"Helsinki, Kamppi, Fredrikinkatu 63 a",http://www.vuokraovi.com//vuokra-asunto/helsinki/kamppi/kerrostalo/kaksio/167176,60.1681274,24.9318581,Celine Oy Ab LKV AFM,None,None
167168,"kerrostalo, 35 m2 | MUU, AUTOTALLI",380.0,"Helsinki, Kaivopuisto, Ehrenstromintie 14",http://www.vuokraovi.com//vuokra-asunto/helsinki/kaivopuisto/kerrostalo/yksio/167168,60.15913159999999,24.9611473,Habita Itakeskus / Helsingin Habita Oy,None,None
167118,"kerrostalo, 129 m2 | 3h, k+et, 2wc+suihku",2599.0,"Helsinki, Kaivopuisto, Laivasillankatu 10",http://www.vuokraovi.com//vuokra-asunto/helsinki/kaivopuisto/kerrostalo/kolmio/167118,60.1601661,24.9556235,Agency info missing,None,None
167022,"omakotitalo, 130 m2 | 4h, k, 2kph, sauna, vh, las.parveke",2000.0,"Helsinki, Vartioharju, Ahvenkoskenpolku 3 B",http://www.vuokraovi.com//vuokra-asunto/helsinki/vartioharju/omakotitalo/4h/167022,60.21671740000001,25.1069353,Huom! | Suomen Asuntopalvelut Oy,None,None
166948,"kerrostalo, 51, 5 m2 | 2h+kt",949.0,"Espoo, Suurpelto, Henttaan puistokatu 6",http://www.vuokraovi.com//vuokra-asunto/espoo/suurpelto/kerrostalo/kaksio/166948,60.1852087,24.7437267,SATO Vuokraus ja myynti / Helsinki,None,None
166950,"kerrostalo, 51, 5 m2 | 2h+kt",949.0,"Espoo, Suurpelto, Henttaan puistokatu 6",http://www.vuokraovi.com//vuokra-asunto/espoo/suurpelto/kerrostalo/kaksio/166950,60.1852087,24.7437267,SATO Vuokraus ja myynti / Helsinki,None,None
166952,"kerrostalo, 42 m2 | 2h+kt",870.0,"Espoo, Suurpelto, Henttaan puistokatu 6",http://www.vuokraovi.com//vuokra-asunto/espoo/suurpelto/kerrostalo/kaksio/166952,60.1852087,24.7437267,SATO Vuokraus ja myynti / Helsinki,None,None
166954,"kerrostalo, 51, 5 m2 | 2h+kt",949.0,"Espoo, Suurpelto, Henttaan puistokatu 6",http://www.vuokraovi.com//vuokra-asunto/espoo/suurpelto/kerrostalo/kaksio/166954,60.1852087,24.7437267,Agency info missing,None,None
166961,"kerrostalo, 51, 5 m2 | 2h+kt",945.0,"Espoo, Suurpelto, Henttaan puistokatu 6",http://www.vuokraovi.com//vuokra-asunto/espoo/suurpelto/kerrostalo/kaksio/166961,60.1852087,24.7437267,SATO Vuokraus ja myynti / Helsinki,None,None
166962,"kerrostalo, 51, 5 m2 | 2h+kt",945.0,"Espoo, Suurpelto, Henttaan puistokatu 6",http://www.vuokraovi.com//vuokra-asunto/espoo/suurpelto/kerrostalo/kaksio/166962,60.1852087,24.7437267,SATO Vuokraus ja myynti / Helsinki,None,None
166964,"kerrostalo, 42 m2 | 2h+kt",875.0,"Espoo, Suurpelto, Henttaan puistokatu 6",http://www.vuokraovi.com//vuokra-asunto/espoo/suurpelto/kerrostalo/kaksio/166964,60.1852087,24.7437267,SATO Vuokraus ja myynti / Helsinki,None,None
166967,"kerrostalo, 45, 5 m2 | 2h+kt",938.0,"Espoo, Suurpelto, Henttaan puistokatu 6",http://www.vuokraovi.com//vuokra-asunto/espoo/suurpelto/kerrostalo/kaksio/166967,60.1852087,24.7437267,SATO Vuokraus ja myynti / Helsinki,None,None
166969,"kerrostalo, 45, 5 m2 | 2h+kt",945.0,"Espoo, Suurpelto, Henttaan puistokatu 6",http://www.vuokraovi.com//vuokra-asunto/espoo/suurpelto/kerrostalo/kaksio/166969,60.1852087,24.7437267,SATO Vuokraus ja myynti / Helsinki,None,None
166973,"kerrostalo, 40 m2 | 2h+kt",855.0,"Espoo, Suurpelto, Henttaan puistokatu 6",http://www.vuokraovi.com//vuokra-asunto/espoo/suurpelto/kerrostalo/kaksio/166973,60.1852087,24.7437267,SATO Vuokraus ja myynti / Helsinki,None,None
166978,"kerrostalo, 40 m2 | 2h+kt",860.0,"Espoo, Suurpelto, Henttaan puistokatu 6",http://www.vuokraovi.com//vuokra-asunto/espoo/suurpelto/kerrostalo/kaksio/166978,60.1852087,24.7437267,SATO Vuokraus ja myynti / Helsinki,None,None
166982,"kerrostalo, 40 m2 | 2h+kt",865.0,"Espoo, Suurpelto, Henttaan puistokatu 6",http://www.vuokraovi.com//vuokra-asunto/espoo/suurpelto/kerrostalo/kaksio/166982,60.1852087,24.7437267,SATO Vuokraus ja myynti / Helsinki,None,None
166985,"kerrostalo, 47 m2 | 2h+kt",939.0,"Espoo, Suurpelto, Henttaan puistokatu 6",http://www.vuokraovi.com//vuokra-asunto/espoo/suurpelto/kerrostalo/kaksio/166985,60.1852087,24.7437267,SATO Vuokraus ja myynti / Helsinki,None,None
166935,"kerrostalo, 51 m2 | 2h + kk + kph + s + terassi",1590.0,"Helsinki, Kamppi, Fredrikinkatu 63 a C",http://www.vuokraovi.com//vuokra-asunto/helsinki/kamppi/kerrostalo/kaksio/166935,60.1681274,24.9318581,Vuokraturva Oy LKV [A],None,None
166844,"kerrostalo, 34 m2 | 1 h, k, kh, ransk.parveke",700.0,"Helsinki, Pohjois-Haaga, Ohjaajantie 26-28",http://www.vuokraovi.com//vuokra-asunto/helsinki/pohjois-haaga/kerrostalo/yksio/166844,60.22698320000001,24.8870916,Paakaupunkiseutu Yksityisomistajien vuokra-asunnot,None,None
166744,"kerrostalo, 49, 5 m2 | 2h kt",844.0,"Espoo, Kilo, Nihtitorpankuja 7",http://www.vuokraovi.com//vuokra-asunto/espoo/kilo/kerrostalo/kaksio/166744,60.2054911,24.6559001,Paakaupunkiseutu Suuromistajien vuokra-asunnot,None,None
166645,"kerrostalo, 65 m2 | 3h+kk+s",1600.0,"Espoo, Kilo, Ruotutorppa 2",http://www.vuokraovi.com//vuokra-asunto/espoo/kilo/kerrostalo/kolmio/166645,60.21757710000001,24.7745447,"TA-Asunnot Oy, Espoo",None,None
166548,"kerrostalo, 73, 5 m2 | 3H+K+S",1113.0,"Espoo, Leppavaara, Itsehallintotie 1",http://www.vuokraovi.com//vuokra-asunto/espoo/leppavaara/kerrostalo/kolmio/166548,60.21159619999999,24.8214037,Ovenia (co. Keskinainen Elakevakuutusyhtio Ilmarinen),None,None
166549,"kerrostalo, 57 m2 | 2H+K+S",948.0,"Espoo, Leppavaara, Itsehallintotie 1",http://www.vuokraovi.com//vuokra-asunto/espoo/leppavaara/kerrostalo/kaksio/166549,60.21159619999999,24.8214037,Ovenia (co. Keskinainen Elakevakuutusyhtio Ilmarinen),None,None
166441,"kerrostalo, 43 m2 | 1h+tk+vh+parveke",950.0,"Espoo, Leppavaara, Leppavaarankatu 12",http://www.vuokraovi.com//vuokra-asunto/espoo/leppavaara/kerrostalo/yksio/166441,60.2169587,24.8096488,Agency info missing,None,None
166252,"kerrostalo, 63 m2 | Unfurnished 2r, SAUNA",1480.0,"Helsinki, Punavuori, Uudenmaankatu 4-6 C",http://www.vuokraovi.com//vuokra-asunto/helsinki/punavuori/kerrostalo/kaksio/166252,60.1649111,24.9423851,Celine Oy Ab LKV AFM,None,None
166364,"kerrostalo, 52, 5 m2 | 2H+K+KPH",1150.0,"Helsinki, Etu-Toolo, Arkadiankatu 14 B",http://www.vuokraovi.com//vuokra-asunto/helsinki/etu-toolo/kerrostalo/kaksio/166364,60.17107009999999,24.9281839,Agency info missing,None,None
166224,"rivitalo, 103 m2 | 5H+K+S",1530.0,"Espoo, Kauklahti, Voudinkuja 3",http://www.vuokraovi.com//vuokra-asunto/espoo/kauklahti/rivitalo/5h+/166224,60.1961664,24.5938799,Asokodit,None,None
166133,"kerrostalo, 73, 5 m2 | 3h+k",1395.0,"Helsinki, Pikku Huopalahti, Tilkankatu 6",http://www.vuokraovi.com//vuokra-asunto/helsinki/pikku+huopalahti/kerrostalo/kolmio/166133,60.2030751,24.8942589,SATO Vuokraus ja myynti / Helsinki,None,None
166021,"rivitalo, 82 m2 | 3 h + k + s",1185.0,"Helsinki, Laajasalo, Reiherintie 8E",http://www.vuokraovi.com//vuokra-asunto/helsinki/laajasalo/rivitalo/kolmio/166021,60.17138439999999,25.0411599,Agency info missing,None,None
165908,"kerrostalo, 49, 5 m2 | 2h, kt, s, kph, p",990.0,"Espoo, Matinkyla, Matinniitynkuja 3 A",http://www.vuokraovi.com//vuokra-asunto/espoo/matinkyla/kerrostalo/kaksio/165908,60.1598838,24.7443331,Kiinteistotoimisto Takio LKV [A],None,None
165747,"kerrostalo, 52, 5 m2 | 2H+KK+S",953.0,"Espoo, Matinkyla, Markkinakatu 2",http://www.vuokraovi.com//vuokra-asunto/espoo/matinkyla/kerrostalo/kaksio/165747,60.1603426,24.737268,Ovenia (co. Keskinainen Elakevakuutusyhtio Ilmarinen),None,None
165750,"kerrostalo, m2 | 3h+k+parveke",1031.0,"Helsinki, Kannelmaki, Viulupolku 3",http://www.vuokraovi.com//vuokra-asunto/helsinki/kannelmaki/kerrostalo/kolmio/165750,60.2359214,24.8836005,Ovenia (co. Keskinainen Elakevakuutusyhtio Ilmarinen),None,None
165751,"kerrostalo, m2 | 3h+k+parveke",1031.0,"Helsinki, Kannelmaki, Viulupolku 5",http://www.vuokraovi.com//vuokra-asunto/helsinki/kannelmaki/kerrostalo/kolmio/165751,60.2355686,24.8838542,Ovenia (co. Keskinainen Elakevakuutusyhtio Ilmarinen),None,None
165752,"kerrostalo, 91, 5 m2 | 4h+k+parveke",1208.0,"Helsinki, Kannelmaki, Viulupolku 5",http://www.vuokraovi.com//vuokra-asunto/helsinki/kannelmaki/kerrostalo/4h/165752,60.2355686,24.8838542,Ovenia (co. Keskinainen Elakevakuutusyhtio Ilmarinen),None,None
165755,"kerrostalo, 62 m2 | 2H+K",1019.0,"Helsinki, Kannelmaki, Klaneettipolku 7",http://www.vuokraovi.com//vuokra-asunto/helsinki/kannelmaki/kerrostalo/kaksio/165755,60.23897950000001,24.8749417,Ovenia (co. Keskinainen Elakevakuutusyhtio Ilmarinen),None,None
165759,"kerrostalo, 40, 5 m2 | 1H+KK+S+PARVEKE",921.0,"Helsinki, Etela-Haaga, Vanha Viertotie 9",http://www.vuokraovi.com//vuokra-asunto/helsinki/etela-haaga/kerrostalo/yksio/165759,60.2105514,24.8860446,Ovenia (co. Keskinainen Elakevakuutusyhtio Ilmarinen),None,None
165760,"kerrostalo, 79 m2 | 3h+k+sauna+parveke",1406.0,"Helsinki, Etela-Haaga, Vanha Viertotie 9",http://www.vuokraovi.com//vuokra-asunto/helsinki/etela-haaga/kerrostalo/kolmio/165760,60.2105514,24.8860446,Ovenia (co. Keskinainen Elakevakuutusyhtio Ilmarinen),None,None
165774,"kerrostalo, 62, 5 m2 | 2h+k+s+parveke",1018.0,"Helsinki, Herttoniemi, Laivalahdenportti 3",http://www.vuokraovi.com//vuokra-asunto/helsinki/herttoniemi/kerrostalo/kaksio/165774,60.19207749999999,25.0346335,Ovenia (co. Keskinainen Elakevakuutusyhtio Ilmarinen),None,None
165796,"kerrostalo, 48 m2 | 2H+KK+S",855.0,"Espoo, Leppavaara, Itsehallintotie 1",http://www.vuokraovi.com//vuokra-asunto/espoo/leppavaara/kerrostalo/kaksio/165796,60.21159619999999,24.8214037,Ovenia (co. Keskinainen Elakevakuutusyhtio Ilmarinen),None,None
165664,"rivitalo, 129 m2 | 5h+k+s",1995.0,"Espoo, Suurpelto, Piilipuuntie 12",http://www.vuokraovi.com//vuokra-asunto/espoo/suurpelto/rivitalo/5h+/165664,60.1887535,24.7385371,"TA-Yhtyma Oy, Espoo",None,None
165552,"kerrostalo, 101 m2 | 4h+k+kh+vh+p+2 erillista wc",1380.0,"Espoo, Soukka, Soukankuja 7D",http://www.vuokraovi.com//vuokra-asunto/espoo/soukka/kerrostalo/4h/165552,60.13828539999999,24.6706467,Agency info missing,None,None
165500,"kerrostalo, 71 m2 | 3h, k, kh, sauna, parveke",1350.0,"Helsinki, Hermanni, Haukilahdenkuja 13",http://www.vuokraovi.com//vuokra-asunto/helsinki/hermanni/kerrostalo/kolmio/165500,60.1966237,24.971324,Paakaupunkiseutu Suuromistajien vuokra-asunnot,None,None
165515,"kerrostalo, 55 m2 | 2h+kk+sauna ja parveke",920.0,"Espoo, Tuomarila, Kulovalkeantie 10A",http://www.vuokraovi.com//vuokra-asunto/espoo/tuomarila/kerrostalo/kaksio/165515,60.2079963,24.6807679,Agency info missing,None,None
165490,"kerrostalo, 65, 5 m2 | 3 h, avok, vh, kh, lasitettu p",1591.0,"Helsinki, Jatkasaari, Kap Hornin katu 8",http://www.vuokraovi.com//vuokra-asunto/helsinki/jatkasaari/kerrostalo/kolmio/165490,60.15762050000001,24.9203444,Paakaupunkiseutu Yksityisomistajien vuokra-asunnot,None,None
165439,"kerrostalo, 57 m2 | 2h kt alk.",941.0,"Espoo, Kilo, Nihtitorpankuja 7",http://www.vuokraovi.com//vuokra-asunto/espoo/kilo/kerrostalo/kaksio/165439,60.2054911,24.6559001,Paakaupunkiseutu Suuromistajien vuokra-asunnot,None,None
165434,"kerrostalo, 53 m2 | 2h, avok, sauna/kph, wc, lansi",890.0,"Espoo, Myotatuulenmaki 3 B 31",http://www.vuokraovi.com//vuokra-asunto/espoo/kerrostalo/kaksio/165434,60.1624369,24.6157096,Habita Toolo / Etela-Helsingin Habita Oy,None,None
165332,"kerrostalo, 67, 5 m2 | 3h+kt+s",1300.0,"Espoo, Niittymaa, Taivalmaki 5",http://www.vuokraovi.com//vuokra-asunto/espoo/niittymaa/kerrostalo/kolmio/165332,60.2054911,24.6559001,SATO Vuokraus ja myynti / Helsinki,None,None
165336,"kerrostalo, 67, 5 m2 | 3h+kt+s",1300.0,"Espoo, Niittymaa, Taivalmaki 5",http://www.vuokraovi.com//vuokra-asunto/espoo/niittymaa/kerrostalo/kolmio/165336,60.2054911,24.6559001,SATO Vuokraus ja myynti / Helsinki,None,None
165339,"kerrostalo, 66 m2 | 3h+kt+s",1295.0,"Espoo, Niittymaa, Taivalmaki 5",http://www.vuokraovi.com//vuokra-asunto/espoo/niittymaa/kerrostalo/kolmio/165339,60.2054911,24.6559001,SATO Vuokraus ja myynti / Helsinki,None,None
165341,"kerrostalo, 67, 5 m2 | 3h+kt+s",1300.0,"Espoo, Niittymaa, Taivalmaki 5",http://www.vuokraovi.com//vuokra-asunto/espoo/niittymaa/kerrostalo/kolmio/165341,60.2054911,24.6559001,SATO Vuokraus ja myynti / Helsinki,None,None
165344,"kerrostalo, 66 m2 | 3h+kt+s",1295.0,"Espoo, Niittymaa, Taivalmaki 5",http://www.vuokraovi.com//vuokra-asunto/espoo/niittymaa/kerrostalo/kolmio/165344,60.2054911,24.6559001,SATO Vuokraus ja myynti / Helsinki,None,None
165349,"kerrostalo, 66 m2 | 3h+kt+s",1295.0,"Espoo, Niittymaa, Taivalmaki 5",http://www.vuokraovi.com//vuokra-asunto/espoo/niittymaa/kerrostalo/kolmio/165349,60.2054911,24.6559001,SATO Vuokraus ja myynti / Helsinki,None,None
165351,"kerrostalo, 67, 5 m2 | 3h+kt+s",1300.0,"Espoo, Niittymaa, Taivalmaki 5",http://www.vuokraovi.com//vuokra-asunto/espoo/niittymaa/kerrostalo/kolmio/165351,60.2054911,24.6559001,SATO Vuokraus ja myynti / Helsinki,None,None
165356,"kerrostalo, 67, 5 m2 | 3h+kt+s",1300.0,"Espoo, Niittymaa, Taivalmaki 5",http://www.vuokraovi.com//vuokra-asunto/espoo/niittymaa/kerrostalo/kolmio/165356,60.2054911,24.6559001,SATO Vuokraus ja myynti / Helsinki,None,None
165361,"kerrostalo, 67, 5 m2 | 3h+kt+s",1300.0,"Espoo, Niittymaa, Taivalmaki 5",http://www.vuokraovi.com//vuokra-asunto/espoo/niittymaa/kerrostalo/kolmio/165361,60.2054911,24.6559001,SATO Vuokraus ja myynti / Helsinki,None,None
165364,"kerrostalo, 66 m2 | 3h+kt+s",1295.0,"Espoo, Niittymaa, Taivalmaki 5",http://www.vuokraovi.com//vuokra-asunto/espoo/niittymaa/kerrostalo/kolmio/165364,60.2054911,24.6559001,SATO Vuokraus ja myynti / Helsinki,None,None
165369,"kerrostalo, 66 m2 | 3h+kt+s",1295.0,"Espoo, Niittymaa, Taivalmaki 5",http://www.vuokraovi.com//vuokra-asunto/espoo/niittymaa/kerrostalo/kolmio/165369,60.2054911,24.6559001,SATO Vuokraus ja myynti / Helsinki,None,None
165376,"kerrostalo, 66 m2 | 3h+kt+s",1295.0,"Espoo, Niittymaa, Taivalmaki 5",http://www.vuokraovi.com//vuokra-asunto/espoo/niittymaa/kerrostalo/kolmio/165376,60.2054911,24.6559001,SATO Vuokraus ja myynti / Helsinki,None,None
165384,"kerrostalo, 66 m2 | 3h+kt+s",1298.0,"Espoo, Niittymaa, Taivalmaki 5",http://www.vuokraovi.com//vuokra-asunto/espoo/niittymaa/kerrostalo/kolmio/165384,60.2054911,24.6559001,SATO Vuokraus ja myynti / Helsinki,None,None
165390,"kerrostalo, 42, 5 m2 | 2h+kt",915.0,"Espoo, Niittymaa, Taivalmaki 5",http://www.vuokraovi.com//vuokra-asunto/espoo/niittymaa/kerrostalo/kaksio/165390,60.2054911,24.6559001,SATO Vuokraus ja myynti / Helsinki,None,None
165392,"kerrostalo, 66 m2 | 3h+kt+s",1298.0,"Espoo, Niittymaa, Taivalmaki 5",http://www.vuokraovi.com//vuokra-asunto/espoo/niittymaa/kerrostalo/kolmio/165392,60.2054911,24.6559001,SATO Vuokraus ja myynti / Helsinki,None,None
165397,"kerrostalo, 67 m2 | 3h+kt+s",1298.0,"Espoo, Niittymaa, Taivalmaki 5",http://www.vuokraovi.com//vuokra-asunto/espoo/niittymaa/kerrostalo/kolmio/165397,60.2054911,24.6559001,SATO Vuokraus ja myynti / Helsinki,None,None
165400,"kerrostalo, 66 m2 | 3h+kt+s",1298.0,"Espoo, Niittymaa, Taivalmaki 5",http://www.vuokraovi.com//vuokra-asunto/espoo/niittymaa/kerrostalo/kolmio/165400,60.2054911,24.6559001,SATO Vuokraus ja myynti / Helsinki,None,None
165404,"kerrostalo, 33 m2 | 1h+kk",750.0,"Espoo, Niittymaa, Taivalmaki 5",http://www.vuokraovi.com//vuokra-asunto/espoo/niittymaa/kerrostalo/yksio/165404,60.2054911,24.6559001,Agency info missing,None,None
165408,"kerrostalo, 66 m2 | 3h+kt+s",1298.0,"Espoo, Niittymaa, Taivalmaki 5",http://www.vuokraovi.com//vuokra-asunto/espoo/niittymaa/kerrostalo/kolmio/165408,60.2054911,24.6559001,SATO Vuokraus ja myynti / Helsinki,None,None
165178,"kerrostalo, 74 m2 | 2H+K+KPH+P",1195.0,"Helsinki, Oulunkyla, Suursuontie 14 A",http://www.vuokraovi.com//vuokra-asunto/helsinki/oulunkyla/kerrostalo/kaksio/165178,60.23395650000001,24.9377215,Smartmove Oy,None,None
164810,"kerrostalo, 36 m2 | 1 h + kt + alk",1160.0,"Helsinki, Kaartinkaupunki, Unioninkatu 8",http://www.vuokraovi.com//vuokra-asunto/helsinki/kaartinkaupunki/kerrostalo/yksio/164810,60.16422109999999,24.9512902,B Kiinteistot Oy,None,None
164824,"kerrostalo, 29 m2 | 1 h + kt",990.0,"Helsinki, Kaartinkaupunki, Unioninkatu 8",http://www.vuokraovi.com//vuokra-asunto/helsinki/kaartinkaupunki/kerrostalo/yksio/164824,60.16422109999999,24.9512902,B Kiinteistot Oy,None,None
164836,"kerrostalo, 30 m2 | 1 h + kt",930.0,"Helsinki, Lauttasaari, Heikkilantie 6",http://www.vuokraovi.com//vuokra-asunto/helsinki/lauttasaari/kerrostalo/yksio/164836,60.1548354,24.8811003,B Kiinteistot Oy,None,None
165067,"luhtitalo, 79 m2 | 3h+k+s",1320.0,"Espoo, Soukka, Kastevuorenkuja 1",http://www.vuokraovi.com//vuokra-asunto/espoo/soukka/luhtitalo/kaksio/165067,60.1378339,24.6759963,"TA-Yhtyma Oy, Espoo",None,None
164853,"kerrostalo, 47 m2 | 2h, k, terassi",855.0,"Espoo, Kiltakallio, Valakuja 8",http://www.vuokraovi.com//vuokra-asunto/espoo/kiltakallio/kerrostalo/kaksio/164853,60.2032944,24.6600139,Paakaupunkiseutu Suuromistajien vuokra-asunnot,None,None
164856,"kerrostalo, 52, 5 m2 | 2h, avok., sauna, parveke(lasi",940.0,"Espoo, Kiltakallio, valakuja 8",http://www.vuokraovi.com//vuokra-asunto/espoo/kiltakallio/kerrostalo/kaksio/164856,60.2032944,24.6600139,Paakaupunkiseutu Suuromistajien vuokra-asunnot,None,None
164597,"kerrostalo, 67 m2 | 2h, avok., sauna, lasitettu pa",1320.0,"Espoo, Tapiola, Revontulentie 11",http://www.vuokraovi.com//vuokra-asunto/espoo/tapiola/kerrostalo/kaksio/164597,60.1719133,24.8040988,Paakaupunkiseutu Suuromistajien vuokra-asunnot,None,None
164579,"kerrostalo, 76 m2 | 4h, k, kph, wc",2477.0,"Helsinki, Neulapadontie 7",http://www.vuokraovi.com//vuokra-asunto/helsinki/kerrostalo/4h/164579,60.2223516,25.063539,Majoituspalvelu Forenom Oy,None,None
164547,"kerrostalo, 117 m2 | Unfurnished 3r, s, garage",2650.0,"Helsinki, Munkkiniemi, Munkkiniemenranta 45",http://www.vuokraovi.com//vuokra-asunto/helsinki/munkkiniemi/kerrostalo/kolmio/164547,60.1999377,24.8606121,Celine Oy Ab LKV AFM,None,None
164233,"kerrostalo, 81, 5 m2 | 3h+k+s",1499.0,"Espoo, Leppavaara, Rummunlyojankatu 11 D-E",http://www.vuokraovi.com//vuokra-asunto/espoo/leppavaara/kerrostalo/kolmio/164233,60.21903039999999,24.8052443,SATO Vuokraus ja myynti / Helsinki,None,None
164194,"kerrostalo, 52 m2 | 2h, kk, s",1100.0,"Espoo, Tapiola, Tuulikuja 4",http://www.vuokraovi.com//vuokra-asunto/espoo/tapiola/kerrostalo/kaksio/164194,60.1713438,24.8007668,"Kiinteistomaailma | Espoo,  Espoon Kodit Oy LKV, Kauppakeskus Lippulaiva",None,None
164097,"kerrostalo, 56, 5 m2 | 2h+k+s+parveke",973.93,"Espoo, Matinkyla, Matinkallio 2 A",http://www.vuokraovi.com//vuokra-asunto/espoo/matinkyla/kerrostalo/kaksio/164097,60.1622542,24.7480484,Asuntosaatio,None,None
164069,"kerrostalo, 74 m2 | 3h+kt+s+parveke",1295.0,"Helsinki, Herttoniemi, Abraham Wetterin tie 16 A 16",http://www.vuokraovi.com//vuokra-asunto/helsinki/herttoniemi/kerrostalo/kolmio/164069,60.19314250000001,25.046611,Keva,None,None
164067,"kerrostalo, 74 m2 | 3h+kt+s+parveke",1221.0,"Helsinki, Herttoniemi, Abraham Wetterin tie 16 B 41",http://www.vuokraovi.com//vuokra-asunto/helsinki/herttoniemi/kerrostalo/kolmio/164067,60.19314250000001,25.046611,Keva,None,None
163940,"kerrostalo, 40 m2 | 2h+avokeittio+kph/wc",830.0,"Helsinki, Katajaharjuntie 6 C",http://www.vuokraovi.com//vuokra-asunto/helsinki/kerrostalo/kaksio/163940,60.16464089999999,24.8583758,Lea Jakama Oy LKV [A],None,None
163817,"kerrostalo, 50, 5 m2 | 2k + kt + s",1200.0,"Helsinki, Jatkasaari, Thomas Bystromin kuja 2",http://www.vuokraovi.com//vuokra-asunto/helsinki/jatkasaari/kerrostalo/kaksio/163817,60.17332440000001,24.9410248,Agency info missing,None,None
163811,"kerrostalo, 113 m2 | 2h, ak, kph, s, p",3490.0,"Helsinki, Etu-Toolo, Valskarinkatu 1",http://www.vuokraovi.com//vuokra-asunto/helsinki/etu-toolo/kerrostalo/kaksio/163811,60.1773087,24.9213832,Majoituspalvelu Forenom Oy,None,None
163493,"kerrostalo, 75 m2 | 2h+k",1400.0,"Helsinki, Toolo, Ruusulankatu 21",http://www.vuokraovi.com//vuokra-asunto/helsinki/toolo/kerrostalo/kaksio/163493,60.183629,24.9225126,Agency info missing,None,None
163370,"kerrostalo, 53 m2 | 2h, ak, kph",2831.0,"Helsinki, Albertinkatu 31",http://www.vuokraovi.com//vuokra-asunto/helsinki/kerrostalo/kaksio/163370,60.16509790000001,24.9324138,Majoituspalvelu Forenom Oy,None,None
163361,"kerrostalo, 63 m2 | 2h + k +ph+e+parv+varasto",910.0,"Helsinki, Tapulikaupunki, Kasityolaisentie 17",http://www.vuokraovi.com//vuokra-asunto/helsinki/tapulikaupunki/kerrostalo/kaksio/163361,60.2735843,25.0318094,Agency info missing,None,None
163362,"kerrostalo, 39, 5 m2 | 2h+kk+parveke",968.0,"Helsinki, Aurinkolahti, Aurinkotuulenkatu 4 A",http://www.vuokraovi.com//vuokra-asunto/helsinki/aurinkolahti/kerrostalo/kaksio/163362,60.20735259999999,25.1582251,"Helsingin OPKK, Herttoniemi",None,None
163363,"kerrostalo, 38, 5 m2 | 2h+kt+parveke",924.0,"Helsinki, Aurinkolahti, Aurinkotuulenkatu 4 A",http://www.vuokraovi.com//vuokra-asunto/helsinki/aurinkolahti/kerrostalo/kaksio/163363,60.20735259999999,25.1582251,"Helsingin OPKK, Herttoniemi",None,None
163290,"kerrostalo, 60, 5 m2 | 2H+K+S",970.0,"Helsinki, Vuosaari, Kalkkihiekantie 2",http://www.vuokraovi.com//vuokra-asunto/helsinki/vuosaari/kerrostalo/kaksio/163290,60.201928,25.1430679,"Ovenia Isannointi Oy, Helsinki ( Avara)",None,None
163193,"kerrostalo, 48, 5 m2 | 2h+kk+s",1028.0,"Espoo, Saunalahti, Myotatuulenmaki 3",http://www.vuokraovi.com//vuokra-asunto/espoo/saunalahti/kerrostalo/kaksio/163193,60.1624369,24.6157096,SATO Vuokraus ja myynti / Helsinki,None,None
162732,"kerrostalo, 40, 5 m2 | 2h, avok, kylpyhuone, sauna, p",1000.0,"Espoo, Westend, Maenrinne 3-5 F",http://www.vuokraovi.com//vuokra-asunto/espoo/westend/kerrostalo/kaksio/162732,60.16703969999999,24.7974835,MAISK Malmivaara & Iskala Oy,None,None
162662,"kerrostalo, 74 m2 | FURNISHED 2r, kitchen, sauna",1950.0,"Helsinki, Ullanlinna, Laivanvarustajankatu 8 B",http://www.vuokraovi.com//vuokra-asunto/helsinki/ullanlinna/kerrostalo/kaksio/162662,60.15624869999999,24.9469128,Celine Oy Ab LKV AFM,None,None
162429,"kerrostalo, 73 m2 | 3h+k",1010.0,"Helsinki, Mellunmaki, Korvatunturinpolku 5",http://www.vuokraovi.com//vuokra-asunto/helsinki/mellunmaki/kerrostalo/kolmio/162429,60.2384412,25.1170489,SATO Vuokraus ja myynti / Helsinki,None,None
162432,"kerrostalo, 58 m2 | 2h+kk+s",1349.0,"Helsinki, Purotie 3 / Talin puistotie 4",http://www.vuokraovi.com//vuokra-asunto/helsinki/kerrostalo/kaksio/162432,60.21656600000001,24.8682545,SATO Vuokraus ja myynti / Helsinki,None,None
162153,"kerrostalo, 70, 5 m2 | 2-3h, k, kph",1390.0,"Helsinki, Munkkiniemi, Solnantie 32",http://www.vuokraovi.com//vuokra-asunto/helsinki/munkkiniemi/kerrostalo/kolmio/162153,60.1987222,24.8797719,"Kiinteistomaailma | Hki-Lansi, Munkkiniemi, Amuletti Asunnot Oy",None,None
162109,"kerrostalo, 33 m2 | 1h, kk, kph, wc",1394.0,"Espoo, Matinkyla, Leenankuja 3",http://www.vuokraovi.com//vuokra-asunto/espoo/matinkyla/kerrostalo/yksio/162109,60.15366,24.7419276,Majoituspalvelu Forenom Oy,None,None
161898,"kerrostalo, 30 m2 | huone ja keittio, kalustettuna",1090.0,"Helsinki, Etu-Toolo, ilmarinkatu 2",http://www.vuokraovi.com//vuokra-asunto/helsinki/etu-toolo/kerrostalo/yksio/161898,60.17180329999999,24.9214543,Agency info missing,None,None
161708,"kerrostalo, 61 m2 | 2h+kk+alk",1420.0,"Helsinki, Kamppi, Ruoholahdenkatu 24 D",http://www.vuokraovi.com//vuokra-asunto/helsinki/kamppi/kerrostalo/kaksio/161708,60.1643102,24.92411,Newsec Asset Management  Oy,None,None
161575,"kerrostalo, 65 m2 | 2H + K + KPH",2100.0,"Helsinki, Eira, Merikatu 27-29",http://www.vuokraovi.com//vuokra-asunto/helsinki/eira/kerrostalo/kaksio/161575,60.1550708,24.9383501,Paakaupunkiseutu Yksityisomistajien vuokra-asunnot,None,None
161093,"kerrostalo, 110 m2 | KALUSTETTU 4H+K+KPH+WC",3500.0,"Helsinki, Etu-Toolo, Aurorankatu 15 B",http://www.vuokraovi.com//vuokra-asunto/helsinki/etu-toolo/kerrostalo/4h/161093,60.1719103,24.9293625,Smartmove Oy,None,None
161352,"kerrostalo, 62 m2 | 2h+k",949.0,"Espoo, Laajalahti, Heinjoenpolku 2 P-Y",http://www.vuokraovi.com//vuokra-asunto/espoo/laajalahti/kerrostalo/kaksio/161352,60.2035545,24.802476,SATO Vuokraus ja myynti / Helsinki,None,None
161248,"kerrostalo, 64 m2 | 2h, kk",1290.0,"Helsinki, Toolo, Dobelninkatu 3 A",http://www.vuokraovi.com//vuokra-asunto/helsinki/toolo/kerrostalo/kaksio/161248,60.1780427,24.9237659,RE/MAX Kotikorttelit Oy LKV,None,None
161197,"omakotitalo, 193 m2 | 7h, k, rt, ",2400.0,"Espoo, Tapiola, Kaskenkaatajantie 6",http://www.vuokraovi.com//vuokra-asunto/espoo/tapiola/omakotitalo/5h+/161197,60.18127519999999,24.7931345,"Kiinteistomaailma | Espoo, Tapiola Ykkosneliot Oy LKV",None,None
160989,"rivitalo, 110 m2 | 5H+K+S",1680.0,"Espoo, Laaksolahti, Vanha sveinsintie 6",http://www.vuokraovi.com//vuokra-asunto/espoo/laaksolahti/rivitalo/5h+/160989,60.2357491,24.7681598,Asokodit,None,None
160729,"omakotitalo, 12 m2 | 1h ja tilava 14 m2 terassi",130.0,"Espoo, Kuurinniitty, Kuurinniityntie 13 a",http://www.vuokraovi.com//vuokra-asunto/espoo/kuurinniitty/omakotitalo/yksio/160729,60.1976708,24.7081796,Agency info missing,None,None
160337,"paritalo, 227 m2 | 6h + k + s + parveke",6500.0,"Espoo, Westend, Lyokkiniemi",http://www.vuokraovi.com//vuokra-asunto/espoo/westend/paritalo/5h+/160337,60.16329349999999,24.8074172,Asuntoverstas Hallinnointi ja vuokraus Oy,None,None
160130,"kerrostalo, 77 m2 | 3 h, avok, sauna, lasitettu pa",1725.0,"Helsinki, Jatkasaari, Kap Hornin katu 8",http://www.vuokraovi.com//vuokra-asunto/helsinki/jatkasaari/kerrostalo/kolmio/160130,60.15762050000001,24.9203444,Paakaupunkiseutu Yksityisomistajien vuokra-asunnot,None,None
341647,"kerrostalo, 74 m2 | 3h+k",1594.0,"Helsinki, Etela-Haaga, Vanha viertotie 8",http://www.vuokraovi.com//vuokra-asunto/helsinki/etela-haaga/kerrostalo/kolmio/341647,60.2100407,24.8869756,SATO Vuokraus ja myynti / Helsinki,None,None
103816,"kerrostalo, 34, 5 m2 | 1h+kk",816.0,"Helsinki, Itakeskus, Kauppakartanonkatu 17",http://www.vuokraovi.com//vuokra-asunto/helsinki/itakeskus/kerrostalo/yksio/103816,60.2067176,25.0775961,SATO Vuokraus ja myynti / Helsinki,None,None
140926,"kerrostalo, 15 m2 | 1h, kph",1721.0,"Helsinki, Keskusta, Eerikinkatu 24",http://www.vuokraovi.com//vuokra-asunto/helsinki/keskusta/kerrostalo/yksio/140926,60.17332440000001,24.9410248,Agency info missing,None,None
159861,"kerrostalo, 1 m2 | ...",0.0,"Helsinki, Itakeskus, Lehdokkipolku 5 C 28",http://www.vuokraovi.com//vuokra-asunto/helsinki/itakeskus/kerrostalo/kaksio/159861,60.20826079999999,25.089643,Agency info missing,None,None
496917,"kerrostalo, 21 m2",1654.0,"Espoo, Kivenlahti, Tyrskyvuori 4",http://www.vuokraovi.com//vuokra-asunto/espoo/kivenlahti/kerrostalo/496917,60.1486793,24.6370734,Majoituspalvelu Forenom Oy,None,None
136044,"kerrostalo, 14 m2 | 1h, jaettu kph, yhteiset tilat",796.0,"Espoo, Kivenlahti, Aallonhuippu 4",http://www.vuokraovi.com//vuokra-asunto/espoo/kivenlahti/kerrostalo/yksio/136044,60.1509698,24.6379218,Majoituspalvelu Forenom Oy,None,None
159751,"paritalo, 106 m2",1450.0,"Helsinki, Mellunkyla, Nupikuja 2",http://www.vuokraovi.com//vuokra-asunto/helsinki/mellunkyla/paritalo/5h+/159751,60.2325787,25.1235735,Paakaupunkiseutu Yksityisomistajien vuokra-asunnot,None,None
159665,"5 h, avok, vh, 2xkh, sauna, 2",902.19,"Espoo, Suurpelto, Piilipuuntie 1 C",http://www.vuokraovi.com//vuokra-asunto/espoo/suurpelto/kerrostalo/kaksio/159665,60.1850196,24.7397957,Asuntosaatio,None,None
159533,"kerrostalo, 52 m2 | 2h+kk+alk+parveke",1480.0,"Espoo, Lahnus, Kytopellonrinne 6",http://www.vuokraovi.com//vuokra-asunto/espoo/lahnus/omakotitalo/4h/159533,60.3371416,24.7237021,Agency info missing,None,None
159551,"kerrostalo, 74 m2 | 3h+kt+parveke",1184.0,"Helsinki, Herttoniemi, Abraham Wetterin tie 16 A 4",http://www.vuokraovi.com//vuokra-asunto/helsinki/herttoniemi/kerrostalo/kolmio/159551,60.1926123,25.0413822,Keva,None,None
159517,"kerrostalo, 52, 5 m2 | 2h+k+p",1097.0,"Espoo, Espoonlahti, Ulappakatu 1 J",http://www.vuokraovi.com//vuokra-asunto/espoo/espoonlahti/kerrostalo/kaksio/159517,60.1508655,24.6550839,Newsec Asset Management  Oy,None,None
159437,"kerrostalo, 65 m2 | 2h-3h+kk+alk",1390.0,"Helsinki, Kamppi, Eerikinkatu 43 D",http://www.vuokraovi.com//vuokra-asunto/helsinki/kamppi/kerrostalo/kaksio/159437,60.1636574,24.9248873,Newsec Asset Management  Oy,None,None
159421,"kerrostalo, 67 m2 | 3h + k + s + parveke",1198.51,"Espoo, Matinkyla, Matinkallio 2 B",http://www.vuokraovi.com//vuokra-asunto/espoo/matinkyla/kerrostalo/kolmio/159421,60.1622542,24.7480484,Asuntosaatio,None,None
159269,"erillistalo, 35 m2 | 2h+parvi+kph+kk",480.0,"Espoo, Niipperi, Peltoportti 3",http://www.vuokraovi.com//vuokra-asunto/espoo/niipperi/erillistalo/kaksio/159269,60.2808297,24.741416,Agency info missing,None,None
326505,"kerrostalo, 24 m2 | 1h+kk",789.0,"Helsinki, Etela-Haaga, Ansaritie 1a",http://www.vuokraovi.com//vuokra-asunto/helsinki/etela-haaga/kerrostalo/yksio/326505,60.2087703,24.8865511,SATO Vuokraus ja myynti / Helsinki,None,None
381897,"kerrostalo, 63, 5 m2 | 2h+k+s",1156.0,"Helsinki, Pikku Huopalahti, Tilkankatu 23b",http://www.vuokraovi.com//vuokra-asunto/helsinki/pikku+huopalahti/kerrostalo/kaksio/381897,60.20099689999999,24.8957478,SATO Vuokraus ja myynti / Helsinki,None,None
919087,"kerrostalo, 98 m2 | 4h, k, kph, s, 2wc",3058.0,"Helsinki, Moisiontie 10",http://www.vuokraovi.com//vuokra-asunto/helsinki/kerrostalo/4h/919087,60.2711269,25.0291926,Majoituspalvelu Forenom Oy,None,None
159187,"kerrostalo, 63 m2 | 3h, ak, kph, p",2522.0,"Espoo, Leppavaara, Leppavaarankatu 17",http://www.vuokraovi.com//vuokra-asunto/espoo/leppavaara/kerrostalo/kolmio/159187,60.21733020000001,24.8032492,Majoituspalvelu Forenom Oy,None,None
159169,"omakotitalo, 167 m2 | 5h + k + 2 x kph + 2 erillista",2490.0,"Helsinki, Kulosaari, Waino Aaltosen tie 9b",http://www.vuokraovi.com//vuokra-asunto/helsinki/kulosaari/omakotitalo/5h+/159169,60.1875745,24.9992697,Vuokraturva Oy LKV [A],None,None
159150,"kerrostalo, 110 m2 | 5h + k + kph + wc + takka + p",2050.0,"Helsinki, Munkkiniemi, Rantapolku 15",http://www.vuokraovi.com//vuokra-asunto/helsinki/munkkiniemi/kerrostalo/5h+/159150,60.1974229,24.8693261,Vuokraturva Oy LKV [A],None,None
159155,"kerrostalo, 150 m2 | 4h+k",3200.0,"Helsinki, Ullanlinna, Korkeavuorenkatu 6",http://www.vuokraovi.com//vuokra-asunto/helsinki/ullanlinna/kerrostalo/4h/159155,60.1607911,24.9463052,Agency info missing,None,None
402909,"kerrostalo, 48, 5 m2 | 2h+kk+s",1245.0,"Helsinki, Tali, Kutomotie 12a",http://www.vuokraovi.com//vuokra-asunto/helsinki/tali/kerrostalo/kaksio/402909,60.21545820000001,24.8704099,SATO Vuokraus ja myynti / Helsinki,None,None
496947,"kerrostalo, 26 m2 | 1h, kph",1957.0,"Espoo, Kivenlahti, Tyrskyvuori 4",http://www.vuokraovi.com//vuokra-asunto/espoo/kivenlahti/kerrostalo/yksio/496947,60.1486793,24.6370734,Majoituspalvelu Forenom Oy,None,None
158795,"paritalo, 247, 5 m2 | 6h, k, rt, s, 2xkph, 2xwc, khh, p, at, ",4600.0,"Helsinki, Tammisalo, Jatasalmentie 6 A",http://www.vuokraovi.com//vuokra-asunto/helsinki/tammisalo/paritalo/5h+/158795,60.19032579999999,25.0676332,Kiinteistotoimisto Takio LKV [A],None,None
940630,"kerrostalo, 50 m2 | 2h, k, kh, parveke",945.0,"Helsinki, Haaga, Nayttelijantie 22",http://www.vuokraovi.com//vuokra-asunto/helsinki/haaga/kerrostalo/kaksio/940630,60.2313659,24.8923046,Paakaupunkiseutu Suuromistajien vuokra-asunnot,None,None
158674,"kerrostalo, 83, 5 m2 | 3h, k, sauna, lasitettu parvek",1630.0,"Espoo, Tapiola, Revontulentie 11",http://www.vuokraovi.com//vuokra-asunto/espoo/tapiola/kerrostalo/kolmio/158674,60.1719133,24.8040988,Paakaupunkiseutu Suuromistajien vuokra-asunnot,None,None
158616,"kerrostalo, 48 m2 | 2h, bk, kph, parvi",1060.0,"Helsinki, Kaartinkaupunki, Kasarminkatu 38 B",http://www.vuokraovi.com//vuokra-asunto/helsinki/kaartinkaupunki/kerrostalo/kaksio/158616,60.1654516,24.9476448,Kiinteistotoimisto Takio LKV [A],None,None
158617,"kerrostalo, 78 m2 | 2h, k, s + aputila",1995.0,"Helsinki, Kalevankatu 56 A B",http://www.vuokraovi.com//vuokra-asunto/helsinki/kerrostalo/kaksio/158617,60.16253769999999,24.9246176,Agency info missing,None,None
158620,"omakotitalo, 36 m2 | 1 h, avok, kph, terassi",735.0,"Espoo, Saunaranta 2",http://www.vuokraovi.com//vuokra-asunto/espoo/omakotitalo/yksio/158620,60.1659985,24.6075617,Kiinteistotoimisto Takio LKV [A],None,None
158634,"kerrostalo, 58, 5 m2 | 2h k kph/s p",1400.0,"Espoo, Tapiola, Revontulentie 6 B",http://www.vuokraovi.com//vuokra-asunto/espoo/tapiola/kerrostalo/kaksio/158634,60.17092969999999,24.8068489,Kiinteistotoimisto Takio LKV [A],None,None
158636,"kerrostalo, 96 m2 | 4 h ak kph/s wc p",1850.0,"Helsinki, Jatkasaari, Erik Tulindbergin kuja 2 B",http://www.vuokraovi.com//vuokra-asunto/helsinki/jatkasaari/kerrostalo/4h/158636,60.1589023,24.9070976,Kiinteistotoimisto Takio LKV [A],None,None
158640,"autohallipaikka, 0 m2 | Autohallipaikka",150.0,"Helsinki, Toolo, Kesakatu 2",http://www.vuokraovi.com//vuokra-asunto/helsinki/toolo/autohallipaikka/yksio/158640,60.17947849999999,24.9157924,Kiinteistotoimisto Takio LKV [A],None,None
348767,"kerrostalo, 16 m2 | 1h, kk",1055.0,"Helsinki, Kuusitie 13",http://www.vuokraovi.com//vuokra-asunto/helsinki/kerrostalo/yksio/348767,60.19443070000001,24.8969617,Majoituspalvelu Forenom Oy,None,None
461178,"kerrostalo, 27 m2 | 1h, tk, kph, wc",1439.0,"Helsinki, Helsinginkatu 12",http://www.vuokraovi.com//vuokra-asunto/helsinki/kerrostalo/yksio/461178,60.18706270000001,24.9550197,Majoituspalvelu Forenom Oy,None,None
146477,"erillistalo, 14 m2 | Omahuone",1050.0,"Espoo, Otaniemi, Kivimiehentie 2",http://www.vuokraovi.com//vuokra-asunto/espoo/otaniemi/erillistalo/yksio/146477,60.17986649999999,24.8287218,Agency info missing,None,None
158534,"paritalo, 266 m2 | Unfurnished 6r, swimming pool",3750.0,"Helsinki, Lehtisaari, Pyhan Laurin Tie 3",http://www.vuokraovi.com//vuokra-asunto/helsinki/lehtisaari/paritalo/5h+/158534,60.1806825,24.8564333,Celine Oy Ab LKV AFM,None,None
428448,"kerrostalo, 40 m2 | 2h+kk+s",975.0,"Espoo, Matinkyla, Matinniitynkuja 6",http://www.vuokraovi.com//vuokra-asunto/espoo/matinkyla/kerrostalo/kaksio/428448,60.15957160000001,24.7436979,Agency info missing,None,None
330358,"kerrostalo, 35 m2 | 1h, kk, kph, wc",2804.0,"Helsinki, Herttoniemi, Hitsaajankatu 12",http://www.vuokraovi.com//vuokra-asunto/helsinki/herttoniemi/kerrostalo/yksio/330358,60.19279969999999,25.0295647,Agency info missing,None,None
475813,"kerrostalo, 29 m2 | 1h, k, kph",1492.0,"Helsinki, Fleminginkatu 18",http://www.vuokraovi.com//vuokra-asunto/helsinki/kerrostalo/yksio/475813,60.1871748,24.9529816,Majoituspalvelu Forenom Oy,None,None
158246,"kerrostalo, 66 m2 | 3h + k",1340.0,"Espoo, Haukilahti, Haukiverkko 2-4",http://www.vuokraovi.com//vuokra-asunto/espoo/haukilahti/kerrostalo/4h/158246,60.15830359999999,24.7698171,Agency info missing,None,None
158128,"kerrostalo, 72 m2 | 3h+k",940.0,"Espoo, Matinkyla, Matinkatu 8",http://www.vuokraovi.com//vuokra-asunto/espoo/matinkyla/kerrostalo/kolmio/158128,60.1593645,24.7470077,Ovenia,None,None
475145,"kerrostalo, 50, 5 m2 | 2h+k+s",1189.0,"Espoo, Tapiola, Elosalamantie 2",http://www.vuokraovi.com//vuokra-asunto/espoo/tapiola/kerrostalo/kaksio/475145,60.17195959999999,24.8079867,SATO Vuokraus ja myynti / Helsinki,None,None
149882,"kerrostalo, 31, 5 m2 | 1h+kk",722.0,"Espoo, Haukilahti, Salakkatie 8-12",http://www.vuokraovi.com//vuokra-asunto/espoo/haukilahti/kerrostalo/yksio/149882,60.16322479999999,24.7812336,SATO Vuokraus ja myynti / Helsinki,None,None
101700,"kerrostalo, 44 m2 | 2h, ak, kph, s, wc, p",1606.0,"Espoo, Westend, Maenrinne 3-5",http://www.vuokraovi.com//vuokra-asunto/espoo/westend/kerrostalo/kaksio/101700,60.16703969999999,24.7974835,Majoituspalvelu Forenom Oy,None,None
158013,"kerrostalo, 56, 5 m2 | 2h+k+2parveketta",1130.0,"Helsinki, Aurinkolahti, Aurinkotuulenkatu 4 A",http://www.vuokraovi.com//vuokra-asunto/helsinki/aurinkolahti/kerrostalo/kaksio/158013,60.20735259999999,25.1582251,"Helsingin OPKK, Herttoniemi",None,None
158018,"kerrostalo, 75 m2 | 3h+k+parveke",1350.0,"Helsinki, Aurinkolahti, Aurinkotuulenkatu 4 B",http://www.vuokraovi.com//vuokra-asunto/helsinki/aurinkolahti/kerrostalo/kolmio/158018,60.20735259999999,25.1582251,"Helsingin OPKK, Herttoniemi",None,None
158019,"kerrostalo, 39, 5 m2 | 2h+kk+parveke",948.0,"Helsinki, Aurinkolahti, Aurinkotuulenkatu 4 B",http://www.vuokraovi.com//vuokra-asunto/helsinki/aurinkolahti/kerrostalo/kaksio/158019,60.20735259999999,25.1582251,"Helsingin OPKK, Herttoniemi",None,None
158020,"kerrostalo, 38, 5 m2 | 2h+kt+parveke",924.0,"Helsinki, Aurinkolahti, Aurinkotuulenkatu 4 B",http://www.vuokraovi.com//vuokra-asunto/helsinki/aurinkolahti/kerrostalo/kaksio/158020,60.20735259999999,25.1582251,"Helsingin OPKK, Herttoniemi",None,None
158022,"kerrostalo, 56, 5 m2 | 2h+k+2parveketta",1243.0,"Helsinki, Aurinkolahti, Aurinkotuulenkatu 4 B",http://www.vuokraovi.com//vuokra-asunto/helsinki/aurinkolahti/kerrostalo/kaksio/158022,60.20735259999999,25.1582251,"Helsingin OPKK, Herttoniemi",None,None
158023,"kerrostalo, 74, 5 m2 | 1h+kt+parveke",1192.0,"Helsinki, Aurinkolahti, Aurinkotuulenkatu 4 A",http://www.vuokraovi.com//vuokra-asunto/helsinki/aurinkolahti/kerrostalo/yksio/158023,60.20735259999999,25.1582251,"Helsingin OPKK, Herttoniemi",None,None
158025,"kerrostalo, 46, 5 m2 | 1h+kt+parveke",884.0,"Helsinki, Aurinkolahti, Aurinkotuulenkatu 4 A",http://www.vuokraovi.com//vuokra-asunto/helsinki/aurinkolahti/kerrostalo/yksio/158025,60.20735259999999,25.1582251,"Helsingin OPKK, Herttoniemi",None,None
158026,"kerrostalo, 46, 5 m2 | 1h+kt+parveke",930.0,"Helsinki, Aurinkolahti, Aurinkotuulenkatu 4 B",http://www.vuokraovi.com//vuokra-asunto/helsinki/aurinkolahti/kerrostalo/yksio/158026,60.20735259999999,25.1582251,"Helsingin OPKK, Herttoniemi",None,None
158027,"kerrostalo, 44 m2 | 1h+kt+parveke",880.0,"Helsinki, Aurinkolahti, Aurinkotuulenkatu 4 B",http://www.vuokraovi.com//vuokra-asunto/helsinki/aurinkolahti/kerrostalo/yksio/158027,60.20735259999999,25.1582251,"Helsingin OPKK, Herttoniemi",None,None
158028,"kerrostalo, 74, 5 m2 | 1h+kt+parveke",1341.0,"Helsinki, Aurinkolahti, Aurinkotuulenkatu 4 B",http://www.vuokraovi.com//vuokra-asunto/helsinki/aurinkolahti/kerrostalo/yksio/158028,60.20735259999999,25.1582251,"Helsingin OPKK, Herttoniemi",None,None
158030,"kerrostalo, 84 m2 | 3h+k+parveke",1554.0,"Helsinki, Aurinkolahti, Aurinkotuulenkatu 4 A",http://www.vuokraovi.com//vuokra-asunto/helsinki/aurinkolahti/kerrostalo/kolmio/158030,60.20735259999999,25.1582251,"Helsingin OPKK, Herttoniemi",None,None
158031,"kerrostalo, 84 m2 | 3h+k+parveke",1554.0,"Helsinki, Aurinkolahti, Aurinkotuulenkatu 4 B",http://www.vuokraovi.com//vuokra-asunto/helsinki/aurinkolahti/kerrostalo/kolmio/158031,60.20735259999999,25.1582251,"Helsingin OPKK, Herttoniemi",None,None
157975,"kerrostalo, 134 m2 | 5h, k, rt, vh, kh, erill.wc, parveke",2550.0,"Helsinki, Ullanlinna, Korkeavuorenkatu 2 a",http://www.vuokraovi.com//vuokra-asunto/helsinki/ullanlinna/kerrostalo/5h+/157975,60.15977770000001,24.946434,Paakaupunkiseutu Suuromistajien vuokra-asunnot,None,None
157751,"rivitalo, 112 m2 | 5h, k, s",1649.0,"Espoo, Saunalahti, Vuoriharjuntie 51",http://www.vuokraovi.com//vuokra-asunto/espoo/saunalahti/rivitalo/5h+/157751,60.16885540000001,24.6412503,Paakaupunkiseutu Suuromistajien vuokra-asunnot,None,None
157752,"paritalo, 116 m2 | 4h, k, s",1850.0,"Espoo, Lintuvaara, Helmipollonkatu 3",http://www.vuokraovi.com//vuokra-asunto/espoo/lintuvaara/paritalo/4h/157752,60.2421783,24.8214439,Paakaupunkiseutu Suuromistajien vuokra-asunnot,None,None
120560,"kerrostalo, 19 m2 | 1h, kph",1875.0,"Helsinki, Keskusta, Eerikinkatu 24",http://www.vuokraovi.com//vuokra-asunto/helsinki/keskusta/kerrostalo/yksio/120560,60.17332440000001,24.9410248,Agency info missing,None,None
157642,"kerrostalo, 57 m2 | 2h+k+s+parveke",974.34,"Espoo, Tuomarila, Kulovalkeantie 12 B",http://www.vuokraovi.com//vuokra-asunto/espoo/tuomarila/kerrostalo/kaksio/157642,60.2071968,24.6812186,Asuntosaatio,None,None
157650,"kerrostalo, 66 m2 | 3h, k, s",1245.0,"Helsinki, Viikki, Limnologinraitti 4",http://www.vuokraovi.com//vuokra-asunto/helsinki/viikki/kerrostalo/kolmio/157650,60.2327603,25.03778,Paakaupunkiseutu Suuromistajien vuokra-asunnot,None,None
157451,"kerrostalo, 52 m2 | Ullakko-penth. 2h+avok+s+teras",1550.0,"Helsinki, Punavuori, Merimiehenkatu 6 D 42",http://www.vuokraovi.com//vuokra-asunto/helsinki/punavuori/kerrostalo/kaksio/157451,60.1615558,24.9419922,Agency info missing,None,None
905966,"kerrostalo, 57 m2 | 2h+kk+s",886.0,"Espoo, Lintuvaara, Kyyhkysmaki 9 A",http://www.vuokraovi.com//vuokra-asunto/espoo/lintuvaara/kerrostalo/kaksio/905966,60.2285814,24.8089188,Newsec Asset Management  Oy,None,None
157249,"kerrostalo, 71, 5 m2 | 3h+k+s+p",1022.96,"Espoo, Ymmersta, Ullantorpantie 8  A",http://www.vuokraovi.com//vuokra-asunto/espoo/ymmersta/kerrostalo/kolmio/157249,60.20465910000001,24.7055545,Asuntosaatio,None,None
994694,"rivitalo, 55 m2 | 2h+k+s",1021.0,"Espoo, Hannus, Hannuksenrinne 1",http://www.vuokraovi.com//vuokra-asunto/espoo/hannus/rivitalo/kaksio/994694,60.1546592,24.7041964,Agency info missing,None,None
995395,"kerrostalo, 58, 5 m2 | 2h+k",996.0,"Espoo, Matinkyla, Sepetlahdentie 6",http://www.vuokraovi.com//vuokra-asunto/espoo/matinkyla/kerrostalo/kaksio/995395,60.1526866,24.7443391,SATO Vuokraus ja myynti / Helsinki,None,None
402468,"kerrostalo, 57, 5 m2 | 2h+k+s",1150.0,"Helsinki, Vuosaari, Kaivonkatsojantie 13",http://www.vuokraovi.com//vuokra-asunto/helsinki/vuosaari/kerrostalo/kaksio/402468,60.2029431,25.1366932,SATO Vuokraus ja myynti / Helsinki,None,None
496934,"kerrostalo, 21 m2 | 1h, kph",1654.0,"Espoo, Kivenlahti, Tyrskyvuori 4",http://www.vuokraovi.com//vuokra-asunto/espoo/kivenlahti/kerrostalo/yksio/496934,60.1486793,24.6370734,Agency info missing,None,None
156534,"kerrostalo, 23 m2 | 1h, ak, kph, wc",1571.0,"Helsinki, Pursimiehenkatu 1",http://www.vuokraovi.com//vuokra-asunto/helsinki/kerrostalo/yksio/156534,60.1608476,24.9416328,Majoituspalvelu Forenom Oy,None,None
156472,"omakotitalo, 202 m2 | VILLA; 4r, sauna, GARAGE",3200.0,"Helsinki, Marjaniemi, Oskarintie 12",http://www.vuokraovi.com//vuokra-asunto/helsinki/marjaniemi/omakotitalo/4h/156472,60.20063529999999,25.076817,Celine Oy Ab LKV AFM,None,None
156470,"omakotitalo, 227 m2 | VILLA; 6h, sauna, GARAGE",3400.0,"Helsinki, Jollas, Villinginsalmenpolku 11",http://www.vuokraovi.com//vuokra-asunto/helsinki/jollas/omakotitalo/5h+/156470,60.16161160000001,25.0890101,Celine Oy Ab LKV AFM,None,None
960838,"kerrostalo, 61 m2 | 2h+k",1198.0,"Helsinki, Pikku Huopalahti, Korppaanmaentie 17",http://www.vuokraovi.com//vuokra-asunto/helsinki/pikku+huopalahti/kerrostalo/kaksio/960838,60.2055586,24.8923587,SATO Vuokraus ja myynti / Helsinki,None,None
156243,"kerrostalo, 76 m2 | 3H+K+S",1149.0,"Helsinki, Vuosaari, Kaivonkatsojantie 5",http://www.vuokraovi.com//vuokra-asunto/helsinki/vuosaari/kerrostalo/kolmio/156243,60.20459229999999,25.1358509,AVAIN Asumisoikeus Oy,None,None
451764,"kerrostalo, 40 m2 | 2h+k",935.0,"Espoo, Tapiola, Jousenkaari 5",http://www.vuokraovi.com//vuokra-asunto/espoo/tapiola/kerrostalo/kaksio/451764,60.17460819999999,24.7874221,SATO Vuokraus ja myynti / Helsinki,None,None
445582,"kerrostalo, 33 m2 | 1h, tk, kph, p",1166.0,"Espoo, Olari, Lansiportti 4",http://www.vuokraovi.com//vuokra-asunto/espoo/olari/kerrostalo/yksio/445582,60.1748022,24.7302079,Majoituspalvelu Forenom Oy,None,None
156174,"kerrostalo, 50 m2 | 2h, ak, kph, s, wc, p",1610.0,"Espoo, Leppavaara, Ruusutorpantie 4",http://www.vuokraovi.com//vuokra-asunto/espoo/leppavaara/kerrostalo/kaksio/156174,60.2145994,24.8050342,Majoituspalvelu Forenom Oy,None,None
155951,"kerrostalo, 76, 5 m2 | 3h + k + wc + parv.",1150.0,"Espoo, Iivisniemi, Iivisniementie 6 F 46",http://www.vuokraovi.com//vuokra-asunto/espoo/iivisniemi/kerrostalo/kolmio/155951,60.1498566,24.6937415,Agency info missing,None,None
473075,"kerrostalo, 51, 5 m2 | 2h+kt+s",1046.0,"Espoo, Matinkyla, Matinniitynkuja 8",http://www.vuokraovi.com//vuokra-asunto/espoo/matinkyla/kerrostalo/kaksio/473075,60.1594194,24.7429163,SATO Vuokraus ja myynti / Helsinki,None,None
155946,"kerrostalo, 59, 5 m2 | 2h+k+s",999.0,"Espoo, Leppavaara, Bertel Jungin aukio 4",http://www.vuokraovi.com//vuokra-asunto/espoo/leppavaara/kerrostalo/kaksio/155946,60.21681449999999,24.8142201,SATO Vuokraus ja myynti / Helsinki,None,None
336229,"kerrostalo, 28, 5 m2 | 1h, k, kph",1056.0,"Helsinki, Kivihaantie 10",http://www.vuokraovi.com//vuokra-asunto/helsinki/kerrostalo/yksio/336229,60.210694,24.9036753,Majoituspalvelu Forenom Oy,None,None
155933,"erillistalo, 23 m2 | Omahuone, jaettu kph",885.0,"Espoo, Otaniemi, Kivimiehentie 2",http://www.vuokraovi.com//vuokra-asunto/espoo/otaniemi/erillistalo/yksio/155933,60.17986649999999,24.8287218,Majoituspalvelu Forenom Oy,None,None
381894,"kerrostalo, 61 m2 | 2h+k+s",1175.0,"Espoo, Leppavaara, Rummunlyojankatu 11 D-E",http://www.vuokraovi.com//vuokra-asunto/espoo/leppavaara/kerrostalo/kaksio/381894,60.21903039999999,24.8052443,SATO Vuokraus ja myynti / Helsinki,None,None
966830,"kerrostalo, 59 m2 | 2h+k",1095.0,"Helsinki, Pajamaki, Pajamaentie 6",http://www.vuokraovi.com//vuokra-asunto/helsinki/pajamaki/kerrostalo/kaksio/966830,60.2187807,24.85672,SATO Vuokraus ja myynti / Helsinki,None,None
419234,"kerrostalo, 38, 5 m2 | 1h+kk",1050.0,"Helsinki, Taka-Toolo, Valskarinkatu 4",http://www.vuokraovi.com//vuokra-asunto/helsinki/taka-toolo/kerrostalo/yksio/419234,60.17781919999999,24.9208993,SATO Vuokraus ja myynti / Helsinki,None,None
155866,"kerrostalo, 47, 5 m2 | 2h+kk+s",1045.0,"Helsinki, Vuosaari, Iiluodontie 7",http://www.vuokraovi.com//vuokra-asunto/helsinki/vuosaari/kerrostalo/kaksio/155866,60.2053722,25.1455995,Agency info missing,None,None
991683,"kerrostalo, 23 m2 | 1h, kk, kph",1110.0,"Helsinki, Harjukatu 4",http://www.vuokraovi.com//vuokra-asunto/helsinki/kerrostalo/yksio/991683,60.1881649,24.9578227,Majoituspalvelu Forenom Oy,None,None
996696,"kerrostalo, 87 m2 | 4h, k, kph, wc",2072.0,"Helsinki, Kotikonnuntie 3",http://www.vuokraovi.com//vuokra-asunto/helsinki/kerrostalo/4h/996696,60.24069089999999,25.0862509,Majoituspalvelu Forenom Oy,None,None
317491,"kerrostalo, 29, 05 m2 | 1h, kk",1009.0,"Helsinki, Porvoonkatu 19",http://www.vuokraovi.com//vuokra-asunto/helsinki/kerrostalo/yksio/317491,60.19076029999999,24.945793,Majoituspalvelu Forenom Oy,None,None
463419,"kerrostalo, 67 m2 | 4h, k, kph, p",2613.0,"Helsinki, Liusketie 16",http://www.vuokraovi.com//vuokra-asunto/helsinki/kerrostalo/4h/463419,60.2366024,25.0174958,Majoituspalvelu Forenom Oy,None,None
155713,"kerrostalo, 59, 5 m2 | 2h+k+s",970.0,"Espoo, Tuomarila, Tuomarilantie 9",http://www.vuokraovi.com//vuokra-asunto/espoo/tuomarila/kerrostalo/kaksio/155713,60.20557139999999,24.6818327,"TA-Asunnot Oy, Espoo",None,None
155600,"erillistalo, 54 m2 | House 38+16 m2 NEW weekly rent",460.0,"Espoo, Mankkaa, Kiiltokallionkuja 6C",http://www.vuokraovi.com//vuokra-asunto/espoo/mankkaa/erillistalo/kaksio/155600,60.19095749999999,24.7807533,Agency info missing,None,None
973338,"kerrostalo, 44 m2 | 2h+kk+s",999.0,"Espoo, Leppavaara, Rummunlyojankatu 11 D-E",http://www.vuokraovi.com//vuokra-asunto/espoo/leppavaara/kerrostalo/kaksio/973338,60.21903039999999,24.8052443,SATO Vuokraus ja myynti / Helsinki,None,None
426573,"kerrostalo, 51 m2 | 2h+kk+s",934.0,"Espoo, Soukka, Soukankaari 12",http://www.vuokraovi.com//vuokra-asunto/espoo/soukka/kerrostalo/kaksio/426573,60.140051,24.6680776,SATO Vuokraus ja myynti / Helsinki,None,None
155251,"kerrostalo, 86, 5 m2 | 3h, k, kph, eril. wc, sauna, r",1690.0,"Espoo, Espoonlahti, Espoonlahdenranta 19 G",http://www.vuokraovi.com//vuokra-asunto/espoo/espoonlahti/kerrostalo/kolmio/155251,60.1464817,24.6394457,Area m2 Oy LKV / Asumaan.fi,None,None
425967,"kerrostalo, 52 m2 | 2h, k, kph, p",1819.0,"Helsinki, Sulkapolku 6",http://www.vuokraovi.com//vuokra-asunto/helsinki/kerrostalo/kaksio/425967,60.22501069999999,24.8570746,Majoituspalvelu Forenom Oy,None,None
442907,"kerrostalo, 24 m2 | 1h, kk, kph, wc",1110.0,"Helsinki, Kauppalantie 6-8",http://www.vuokraovi.com//vuokra-asunto/helsinki/kerrostalo/yksio/442907,60.210011,24.8959504,Majoituspalvelu Forenom Oy,None,None
102909,"kerrostalo, 16 m2 | Omahuone",796.0,"Espoo, Kivenlahti, Aallonhuippu 4",http://www.vuokraovi.com//vuokra-asunto/espoo/kivenlahti/kerrostalo/yksio/102909,60.1509698,24.6379218,Majoituspalvelu Forenom Oy,None,None
314695,"kerrostalo, 60, 5 m2 | 3H+KK+S+P",1213.0,"Helsinki, Herttoniemi, NIITTAAJANKATU 5 A",http://www.vuokraovi.com//vuokra-asunto/helsinki/herttoniemi/kerrostalo/kolmio/314695,60.19128079999999,25.0276844,Newsec Asset Management  Oy,None,None
154925,"rivitalo, 103 m2 | 4h+k+2wc+kph+sauna+autotalli",1800.0,"Helsinki, Puotinharju, Raaseporintie 2",http://www.vuokraovi.com//vuokra-asunto/helsinki/puotinharju/rivitalo/4h/154925,60.209496,25.0721838,Agency info missing,None,None
154923,"kerrostalo, 50 m2 | 2h+k+s",890.0,"Espoo, Espoon keskus, Kiltakallio 13 A",http://www.vuokraovi.com//vuokra-asunto/espoo/espoon+keskus/kerrostalo/kaksio/154923,60.2012949,24.6584842,Agency info missing,None,None
154909,"kerrostalo, 43 m2 | 1h+kk",1170.0,"Helsinki, Taka-Toolo, Valskarinkatu 4",http://www.vuokraovi.com//vuokra-asunto/helsinki/taka-toolo/kerrostalo/yksio/154909,60.17781919999999,24.9208993,SATO Vuokraus ja myynti / Helsinki,None,None
456716,"kerrostalo, 44, 5 m2 | 1h+k",872.0,"Espoo, Kilo, Lansantie 3",http://www.vuokraovi.com//vuokra-asunto/espoo/kilo/kerrostalo/yksio/456716,60.2163672,24.7734591,SATO Vuokraus ja myynti / Helsinki,None,None
113824,"rivitalo, 25 m2 | 2h, ak, kph, p",1304.0,"Espoo, Uusmaki, Sotilastorpantie 2",http://www.vuokraovi.com//vuokra-asunto/espoo/uusmaki/rivitalo/kaksio/113824,60.2411246,24.8328409,Majoituspalvelu Forenom Oy,None,None
154422,"omakotitalo, 366 m2 | VILLA; 7r, s, balcony, GARAGE",3900.0,"Helsinki, Itasalmi, Korsnasintie 9",http://www.vuokraovi.com//vuokra-asunto/helsinki/itasalmi/omakotitalo/5h+/154422,60.25940019999999,25.2184751,Celine Oy Ab LKV AFM,None,None
154500,"kerrostalo, 123, 5 m2 | 4 h, k, kh, wc",2100.0,"Helsinki, Etu-Toolo, Temppelikatu 23",http://www.vuokraovi.com//vuokra-asunto/helsinki/etu-toolo/kerrostalo/4h/154500,60.1735284,24.9239522,Paakaupunkiseutu Yksityisomistajien vuokra-asunnot,None,None
953114,"kerrostalo, 80 m2 | 3h, k, kph, p",1916.0,"Espoo, Matinkyla, Liisankuja 4",http://www.vuokraovi.com//vuokra-asunto/espoo/matinkyla/kerrostalo/kolmio/953114,60.1533414,24.7438711,Majoituspalvelu Forenom Oy,None,None
154188,"kerrostalo, 52, 5 m2 | KALUSTETTU 2H+K+KPH+P",1700.0,"Helsinki, Lauttasaari, Nahkahousuntie 1 A",http://www.vuokraovi.com//vuokra-asunto/helsinki/lauttasaari/kerrostalo/kaksio/154188,60.1510504,24.8854785,Smartmove Oy,None,None
154200,"kerrostalo, 42 m2 | 1h+k",1049.0,"Helsinki, Etela-Haaga, Kangaspellontie 1",http://www.vuokraovi.com//vuokra-asunto/helsinki/etela-haaga/kerrostalo/yksio/154200,60.2095512,24.8858272,SATO Vuokraus ja myynti / Helsinki,None,None
154020,"kerrostalo, 80 m2 | 4h, k, s",1443.0,"Espoo, Makkyla, Adjutantinkatu 3",http://www.vuokraovi.com//vuokra-asunto/espoo/makkyla/kerrostalo/4h/154020,60.22170629999999,24.8348804,Paakaupunkiseutu Suuromistajien vuokra-asunnot,None,None
153928,"kerrostalo, 116 m2",5607.0,"Helsinki, Uudenmaankatu 13",http://www.vuokraovi.com//vuokra-asunto/helsinki/kerrostalo/153928,60.1646696,24.9410376,Majoituspalvelu Forenom Oy,None,None
153929,"kerrostalo, 122 m2",6012.0,"Helsinki, Uudenmaankatu 13",http://www.vuokraovi.com//vuokra-asunto/helsinki/kerrostalo/153929,60.1646696,24.9410376,Majoituspalvelu Forenom Oy,None,None
432321,"kerrostalo, 79 m2 | 4h+k",1570.0,"Helsinki, Etela-Haaga, Kangaspellontie 1",http://www.vuokraovi.com//vuokra-asunto/helsinki/etela-haaga/kerrostalo/4h/432321,60.2095512,24.8858272,SATO Vuokraus ja myynti / Helsinki,None,None
441521,"kerrostalo, 79 m2 | 4h+k",1570.0,"Helsinki, Etela-Haaga, Kangaspellontie 1",http://www.vuokraovi.com//vuokra-asunto/helsinki/etela-haaga/kerrostalo/4h/441521,60.2095512,24.8858272,SATO Vuokraus ja myynti / Helsinki,None,None
470223,"kerrostalo, 62 m2 | 3h+k",1300.0,"Helsinki, Etela-Haaga, Kangaspellontie 1",http://www.vuokraovi.com//vuokra-asunto/helsinki/etela-haaga/kerrostalo/kolmio/470223,60.2095512,24.8858272,SATO Vuokraus ja myynti / Helsinki,None,None
420663,"kerrostalo, 48 m2 | 2h, kph, s, p",1718.0,"Espoo, Tuomarila, Ratavallintie 4",http://www.vuokraovi.com//vuokra-asunto/espoo/tuomarila/kerrostalo/kaksio/420663,60.20744099999999,24.6795091,Majoituspalvelu Forenom Oy,None,None
108787,"kerrostalo, 91 m2 | 4h, k, kph, s, 2wc, p",3287.0,"Espoo, Karakallio, Ratamotie 4",http://www.vuokraovi.com//vuokra-asunto/espoo/karakallio/kerrostalo/4h/108787,60.231717,24.776054,Majoituspalvelu Forenom Oy,None,None
961633,"kerrostalo, 41 m2 | 1h+k",879.0,"Espoo, Tapiola, Kaskenkaatajantie 5",http://www.vuokraovi.com//vuokra-asunto/espoo/tapiola/kerrostalo/yksio/961633,60.1804031,24.7927449,SATO Vuokraus ja myynti / Helsinki,None,None
153345,"kerrostalo, 65 m2 | 2 h, k, kh, lasitettu parveke",1629.0,"Helsinki, Jatkasaari, Kap Hornin katu 8",http://www.vuokraovi.com//vuokra-asunto/helsinki/jatkasaari/kerrostalo/kaksio/153345,60.15762050000001,24.9203444,Paakaupunkiseutu Yksityisomistajien vuokra-asunnot,None,None
153331,"rivitalo, 63 m2 | 2h, kt, s",1090.0,"Espoo, Kauklahti, Valhallantie 11",http://www.vuokraovi.com//vuokra-asunto/espoo/kauklahti/rivitalo/kaksio/153331,60.1913923,24.59021,Paakaupunkiseutu Suuromistajien vuokra-asunnot,None,None
424723,"kerrostalo, 59 m2 | 2H+K+S",916.0,"Espoo, Ymmersta, Ullantorpantie 9",http://www.vuokraovi.com//vuokra-asunto/espoo/ymmersta/kerrostalo/kaksio/424723,60.2044722,24.7054236,AVAIN Asumisoikeus Oy,None,None
123904,"kerrostalo, 78, 5 m2 | 3H+K+S",1160.0,"Espoo, Leppavaara, Saterinkuja 1",http://www.vuokraovi.com//vuokra-asunto/espoo/leppavaara/kerrostalo/kolmio/123904,60.2138731,24.8082789,AVAIN Asumisoikeus Oy,None,None
153029,"rivitalo, 92 m2 | 4H+K+S",1361.0,"Espoo, Kauklahti, Hansakallionkuja 6",http://www.vuokraovi.com//vuokra-asunto/espoo/kauklahti/rivitalo/4h/153029,60.1891515,24.5921609,AVAIN Asumisoikeus Oy,None,None
140249,"kerrostalo, 50 m2 | 2h+kt",940.0,"Espoo, Leppavaara, Saterinkatu 14 A",http://www.vuokraovi.com//vuokra-asunto/espoo/leppavaara/kerrostalo/kaksio/140249,60.2141644,24.8030548,Newsec Asset Management  Oy,None,None
152938,"kerrostalo, 61 m2 | 2h + k + parveke",1048.9,"Espoo, Suurpelto, Piilipuuntie 1 C",http://www.vuokraovi.com//vuokra-asunto/espoo/suurpelto/kerrostalo/kaksio/152938,60.1850196,24.7397957,Asuntosaatio,None,None
485026,"kerrostalo, 51 m2 | 2h, kk, s, p",1617.0,"Espoo, Rastaala, Tahtimotie 2",http://www.vuokraovi.com//vuokra-asunto/espoo/rastaala/kerrostalo/kaksio/485026,60.2321408,24.7798481,Majoituspalvelu Forenom Oy,None,None
130439,"kerrostalo, 45 m2 | 2h, ak, kph, s, wc, p",1860.0,"Espoo, Leppavaara, Kyyhkysmaki 16",http://www.vuokraovi.com//vuokra-asunto/espoo/leppavaara/kerrostalo/kaksio/130439,60.22838160000001,24.8082397,Majoituspalvelu Forenom Oy,None,None
305830,"kerrostalo, 58, 5 m2 | 2h+kt+s",992.0,"Espoo, Tuomarila, Ratavallintie 8 A",http://www.vuokraovi.com//vuokra-asunto/espoo/tuomarila/kerrostalo/kaksio/305830,60.2077609,24.6777738,Newsec Asset Management  Oy,None,None
315765,"kerrostalo, 53, 5 m2 | 2h+k+s",1031.0,"Espoo, Perkkaa, Perkkaantie 3 B",http://www.vuokraovi.com//vuokra-asunto/espoo/perkkaa/kerrostalo/kaksio/315765,60.21709559999999,24.8214568,Newsec Asset Management  Oy,None,None
315779,"kerrostalo, 45 m2 | 2h+kt",904.0,"Espoo, Perkkaa, Perkkaantie 3 B",http://www.vuokraovi.com//vuokra-asunto/espoo/perkkaa/kerrostalo/kaksio/315779,60.21709559999999,24.8214568,Newsec Asset Management  Oy,None,None
980626,"kerrostalo, 42 m2 | 2h, k, wc, p",1566.0,"Helsinki, Orapihlajatie 4",http://www.vuokraovi.com//vuokra-asunto/helsinki/kerrostalo/kaksio/980626,60.219627,24.8931151,Majoituspalvelu Forenom Oy,None,None
152455,"kerrostalo, 44 m2 | 2h+kk+s+parv",898.43,"Espoo, Tuomarila, Kulovalkeantie 16",http://www.vuokraovi.com//vuokra-asunto/espoo/tuomarila/kerrostalo/kaksio/152455,60.20661139999999,24.6833321,Asuntosaatio,None,None
152439,"kerrostalo, 81, 5 m2 | 3h+k+s+parv",1291.15,"Espoo, Matinkyla, Matinkallio 2",http://www.vuokraovi.com//vuokra-asunto/espoo/matinkyla/kerrostalo/kolmio/152439,60.1622542,24.7480484,Asuntosaatio,None,None
152337,"kerrostalo, 45 m2 | 2 h, avokeittio, kh, parveke",790.0,"Espoo, Kivenlahti, Merivirta 7",http://www.vuokraovi.com//vuokra-asunto/espoo/kivenlahti/kerrostalo/kaksio/152337,60.15358059999999,24.6363173,Paakaupunkiseutu Yksityisomistajien vuokra-asunnot,None,None
152334,"paritalo, 78 m2 | 3h + avok + parvi ja sauna",1390.0,"Espoo, Lahnus, Korpilammentie 7",http://www.vuokraovi.com//vuokra-asunto/espoo/lahnus/paritalo/kolmio/152334,60.32553419999999,24.72622,Agency info missing,None,None
371600,"kerrostalo, 20 m2 | 1h, wc",1206.0,"Helsinki, Lapinlahdenkatu 12",http://www.vuokraovi.com//vuokra-asunto/helsinki/kerrostalo/yksio/371600,60.16728010000001,24.9242097,Majoituspalvelu Forenom Oy,None,None
421171,"kerrostalo, 57 m2 | 3h, k, kph, p",2474.0,"Helsinki, Suursuontie 14",http://www.vuokraovi.com//vuokra-asunto/helsinki/kerrostalo/kolmio/421171,60.23395650000001,24.9377215,Majoituspalvelu Forenom Oy,None,None
428317,"kerrostalo, 32 m2 | 1h, kk, kph",1262.0,"Helsinki, Vihdintie 6",http://www.vuokraovi.com//vuokra-asunto/helsinki/kerrostalo/yksio/428317,60.2106091,24.8879972,Majoituspalvelu Forenom Oy,None,None
151853,"kerrostalo, 44 m2 | 2H+KK",805.46,"Espoo, Vesirattaanmaki, Vesirattaanmaki 1",http://www.vuokraovi.com//vuokra-asunto/espoo/vesirattaanmaki/kerrostalo/kaksio/151853,60.2266801,24.665944,Ovenia Isannointi Oy,None,None
987132,"kerrostalo, 62 m2 | 2h+k",969.0,"Espoo, Kivenlahti, Aalto 4",http://www.vuokraovi.com//vuokra-asunto/espoo/kivenlahti/kerrostalo/kaksio/987132,60.1499987,24.639388,SATO Vuokraus ja myynti / Helsinki,None,None
113469,"kerrostalo, 12 m2 | 1h, yhteiset tilat",796.0,"Espoo, Kivenlahti, Aallonhuippu 4",http://www.vuokraovi.com//vuokra-asunto/espoo/kivenlahti/kerrostalo/yksio/113469,60.1509698,24.6379218,Majoituspalvelu Forenom Oy,None,None
151144,"kerrostalo, 74, 5 m2 | 3h, k, s, p",1340.0,"Espoo, Leppavaara, Itsehallintotie 6",http://www.vuokraovi.com//vuokra-asunto/espoo/leppavaara/kerrostalo/kolmio/151144,60.2109848,24.823317,Paakaupunkiseutu Yksityisomistajien vuokra-asunnot,None,None
483395,"kerrostalo, 48 m2 | 2h, kk, kph, wc",1920.0,"Helsinki, Toolontorinkatu 6",http://www.vuokraovi.com//vuokra-asunto/helsinki/kerrostalo/kaksio/483395,60.1785697,24.9247724,Majoituspalvelu Forenom Oy,None,None
151075,"kerrostalo, 81 m2 | 3h, k, sauna, vaateh, lasitettu pa",1550.0,"Helsinki, Vuosaari, Solvikinkatu 10",http://www.vuokraovi.com//vuokra-asunto/helsinki/vuosaari/kerrostalo/kolmio/151075,60.202949,25.1568923,Paakaupunkiseutu Suuromistajien vuokra-asunnot,None,None
150918,"kerrostalo, 50, 5 m2 | 2h, avok, kh, parveke",1450.0,"Helsinki, Kluuvi, Mikonkatu 11",http://www.vuokraovi.com//vuokra-asunto/helsinki/kluuvi/kerrostalo/kaksio/150918,60.17022650000001,24.9455153,Paakaupunkiseutu Yksityisomistajien vuokra-asunnot,None,None
940379,"kerrostalo, 44 m2 | 2h, k, kph",1915.0,"Helsinki, Mannerheimintie 81",http://www.vuokraovi.com//vuokra-asunto/helsinki/kerrostalo/kaksio/940379,60.19295049999999,24.9083795,Majoituspalvelu Forenom Oy,None,None
431560,"kerrostalo, 32 m2 | 1h, kk, kph, wc",1102.0,"Espoo, Tuomarila, Kulovalkeantie 4",http://www.vuokraovi.com//vuokra-asunto/espoo/tuomarila/kerrostalo/yksio/431560,60.2092543,24.679118,Majoituspalvelu Forenom Oy,None,None
493533,"rivitalo, 26 m2 | 1h, ak, s, wc",1462.0,"Espoo, Muurala, Vanha Muuralantie 2",http://www.vuokraovi.com//vuokra-asunto/espoo/muurala/rivitalo/yksio/493533,60.2120159,24.6427379,Majoituspalvelu Forenom Oy,None,None
150592,"kerrostalo, 54, 5 m2 | 2h+k+s+p",907.0,"Espoo, Lintuvaara, Kiskottajankuja 2",http://www.vuokraovi.com//vuokra-asunto/espoo/lintuvaara/kerrostalo/kaksio/150592,60.2299168,24.8140589,Paakaupunkiseutu Suuromistajien vuokra-asunnot,None,None
315713,"kerrostalo, 38, 5 m2 | 1h+kt",857.0,"Espoo, Perkkaa, Perkkaantie 3 A",http://www.vuokraovi.com//vuokra-asunto/espoo/perkkaa/kerrostalo/yksio/315713,60.21709559999999,24.8214568,Newsec Asset Management  Oy,None,None
315721,"kerrostalo, 38, 5 m2 | 1h+kt",857.0,"Espoo, Perkkaa, Perkkaantie 3 A",http://www.vuokraovi.com//vuokra-asunto/espoo/perkkaa/kerrostalo/yksio/315721,60.21709559999999,24.8214568,Newsec Asset Management  Oy,None,None
150312,"kerrostalo, 56, 5 m2 | 2h+k",969.0,"Helsinki, Malminkartano, Juustenintie 4 A",http://www.vuokraovi.com//vuokra-asunto/helsinki/malminkartano/kerrostalo/kaksio/150312,60.24439779999999,24.8677771,Newsec Asset Management  Oy,None,None
150010,"kerrostalo, 49 m2 | 2h+kk+kph+vh",1200.0,"Helsinki, Kaivopuisto, Pietarinkatu 1C",http://www.vuokraovi.com//vuokra-asunto/helsinki/kaivopuisto/kerrostalo/kaksio/150010,60.15813430000001,24.9520139,Agency info missing,None,None
108793,"kerrostalo, 38, 5 m2 | 1h+kk",1050.0,"Helsinki, Taka-Toolo, Valskarinkatu 4",http://www.vuokraovi.com//vuokra-asunto/helsinki/taka-toolo/kerrostalo/yksio/108793,60.17781919999999,24.9208993,SATO Vuokraus ja myynti / Helsinki,None,None
149885,"kerrostalo, 62 m2 | 2h+k",971.0,"Espoo, Kivenlahti, Aalto 4",http://www.vuokraovi.com//vuokra-asunto/espoo/kivenlahti/kerrostalo/kaksio/149885,60.1499987,24.639388,Agency info missing,None,None
149920,"kerrostalo, 47, 5 m2 | 2h+kt",955.0,"Espoo, Suurpelto, Henttaan puistokatu 8",http://www.vuokraovi.com//vuokra-asunto/espoo/suurpelto/kerrostalo/kaksio/149920,60.18554779999999,24.7435808,SATO Vuokraus ja myynti / Helsinki,None,None
332078,"kerrostalo, 27 m2 | 1h, kk, wc",1262.0,"Helsinki, Hameentie 37",http://www.vuokraovi.com//vuokra-asunto/helsinki/kerrostalo/yksio/332078,60.1889291,24.9641753,Majoituspalvelu Forenom Oy,None,None
972712,"kerrostalo, 53 m2 | 2h, k, kph",3066.0,"Helsinki, Albertinkatu 31",http://www.vuokraovi.com//vuokra-asunto/helsinki/kerrostalo/kaksio/972712,60.16509790000001,24.9324138,Majoituspalvelu Forenom Oy,None,None
149730,"kerrostalo, 60, 5 m2 | FURNISHED 2 r, kitchen",1550.0,"Helsinki, Eira, Rehbinderintie 5-7 A",http://www.vuokraovi.com//vuokra-asunto/helsinki/eira/kerrostalo/kaksio/149730,60.15688859999999,24.9405062,Celine Oy Ab LKV AFM,None,None
149598,"kerrostalo, 41 m2 | FURNISHED STUDIO",1150.0,"Helsinki, Kamppi, Kalevankatu 50 A",http://www.vuokraovi.com//vuokra-asunto/helsinki/kamppi/kerrostalo/yksio/149598,60.16343920000001,24.9271892,Celine Oy Ab LKV AFM,None,None
149544,"rivitalo, 103 m2 | 5H+K+S",1530.0,"Espoo, Kauklahti, Voudinkuja 3",http://www.vuokraovi.com//vuokra-asunto/espoo/kauklahti/rivitalo/5h+/149544,60.1961664,24.5938799,Asokodit,None,None
149401,"rivitalo, 86 m2 | 4 H+K+S",1344.0,"Espoo, Rastaspuisto, Nurmilinnuntie 2 C",http://www.vuokraovi.com//vuokra-asunto/espoo/rastaspuisto/rivitalo/4h/149401,60.2339473,24.7816265,Newsec Asset Management  Oy,None,None
149374,"kerrostalo, 72 m2 | 2h+k+kph",1580.0,"Helsinki, Kallio, Castreninkatu 28 B 29",http://www.vuokraovi.com//vuokra-asunto/helsinki/kallio/kerrostalo/kaksio/149374,60.1855485,24.9504846,Agency info missing,None,None
149370,"kerrostalo, 44 m2 | KALUSTETTU 2H+KK+KPH",1200.0,"Helsinki, Kamppi, Ruoholahdenkatu 24 B",http://www.vuokraovi.com//vuokra-asunto/helsinki/kamppi/kerrostalo/kaksio/149370,60.1643102,24.92411,Smartmove Oy,None,None
460201,"kerrostalo, 73 m2 | 3h, k, kph, wc, p",1870.0,"Helsinki, Kasityolaisentie 25",http://www.vuokraovi.com//vuokra-asunto/helsinki/kerrostalo/kolmio/460201,60.2737466,25.0302467,Majoituspalvelu Forenom Oy,None,None
422219,"kerrostalo, 90 m2 | 4h+k",1495.0,"Helsinki, Etela-Haaga, Vanha viertotie 18",http://www.vuokraovi.com//vuokra-asunto/helsinki/etela-haaga/kerrostalo/4h/422219,60.2103828,24.8831156,SATO Vuokraus ja myynti / Helsinki,None,None
148825,"kerrostalo, 101 m2 | 4h+k+kph+khh+p",2000.0,"Espoo, Haukilahti, Pitkankalliontie 13 A",http://www.vuokraovi.com//vuokra-asunto/espoo/haukilahti/kerrostalo/4h/148825,60.15698469999999,24.7773619,ForenomDirect,None,None
148464,"kerrostalo, 136 m2 | 4h+k+vh+kph+wc",2800.0,"Helsinki, Ullanlinna, Raatimiehenkatu 3 A",http://www.vuokraovi.com//vuokra-asunto/helsinki/ullanlinna/kerrostalo/4h/148464,60.1585928,24.9524627,RE/MAX Tila,None,None
473060,"kerrostalo, 40, 5 m2 | 2h+kt",975.0,"Espoo, Matinkyla, Matinniitynkuja 8",http://www.vuokraovi.com//vuokra-asunto/espoo/matinkyla/kerrostalo/kaksio/473060,60.1594194,24.7429163,SATO Vuokraus ja myynti / Helsinki,None,None
905032,"kerrostalo, 52 m2 | 2H+K+S",857.0,"Espoo, Kilo, PUISTOPIHA 2",http://www.vuokraovi.com//vuokra-asunto/espoo/kilo/kerrostalo/kaksio/905032,60.21637629999999,24.7889106,Agency info missing,None,None
148348,"kerrostalo, 74, 5 m2 | 3h+kt+s",1144.0,"Helsinki, Malminkartano, Juustenintie 4 B",http://www.vuokraovi.com//vuokra-asunto/helsinki/malminkartano/kerrostalo/kolmio/148348,60.24439779999999,24.8677771,Newsec Asset Management  Oy,None,None
421877,"kerrostalo, 94 m2 | 4h+k",1671.0,"Helsinki, Etela-Haaga, Isonnevantie 18",http://www.vuokraovi.com//vuokra-asunto/helsinki/etela-haaga/kerrostalo/4h/421877,60.2160493,24.8918793,SATO Vuokraus ja myynti / Helsinki,None,None
464600,"kerrostalo, 79, 5 m2 | 3 H+K+S+P",1439.0,"Helsinki, Herttoniemi, NIITTAAJANKATU 7 A",http://www.vuokraovi.com//vuokra-asunto/helsinki/herttoniemi/kerrostalo/kolmio/464600,60.1914457,25.028622,Newsec Asset Management  Oy,None,None
147266,"kerrostalo, 60 m2 | 2 h, k, s, parveke",1035.0,"Espoo, Westend, Maenrinne 3-5",http://www.vuokraovi.com//vuokra-asunto/espoo/westend/kerrostalo/kaksio/147266,60.16703969999999,24.7974835,Suomen Laatuasunnot Oy,None,None
147160,"kerrostalo, 18 m2 | 1h, kph",1875.0,"Helsinki, Keskusta, Eerikinkatu 24",http://www.vuokraovi.com//vuokra-asunto/helsinki/keskusta/kerrostalo/yksio/147160,60.17332440000001,24.9410248,Agency info missing,None,None
147129,"kerrostalo, 31, 5 m2 | 1h+ak+kph+p",695.0,"Espoo, Espoon keskus, Valakuja 6",http://www.vuokraovi.com//vuokra-asunto/espoo/espoon+keskus/kerrostalo/yksio/147129,60.2030538,24.6601914,Agency info missing,None,None
991668,"kerrostalo, 34 m2 | 1h",1110.0,"Helsinki, Yllastunturintie 3",http://www.vuokraovi.com//vuokra-asunto/helsinki/kerrostalo/yksio/991668,60.2365134,25.128068,Majoituspalvelu Forenom Oy,None,None
466513,"kerrostalo, 87 m2 | 3h, k",6347.0,"Helsinki, Uudenmaankatu 13",http://www.vuokraovi.com//vuokra-asunto/helsinki/kerrostalo/kolmio/466513,60.1646696,24.9410376,Majoituspalvelu Forenom Oy,None,None
146920,"kerrostalo, 54, 7 m2 | 2h, avok., kph",1150.0,"Helsinki, Etu-Toolo, Arkadiankatu 14",http://www.vuokraovi.com//vuokra-asunto/helsinki/etu-toolo/kerrostalo/kaksio/146920,60.17107009999999,24.9281839,Kiinteistomaailma | Kamppi,None,None
146748,"kerrostalo, 39 m2 | 2h, ak",1875.0,"Helsinki, Lonnrotinkatu 23",http://www.vuokraovi.com//vuokra-asunto/helsinki/kerrostalo/kaksio/146748,60.16485410000001,24.933921,Majoituspalvelu Forenom Oy,None,None
146527,"kerrostalo, 105 m2 | 3-4 h+k+kph+wc+2 parv (furn.)",2950.0,"Helsinki, Eira, Merikatu 41",http://www.vuokraovi.com//vuokra-asunto/helsinki/eira/kerrostalo/kolmio/146527,60.15633099999999,24.9349788,Luxhousing,None,None
113470,"kerrostalo, 23 m2 | 1h, kph",1875.0,"Helsinki, Keskusta, Eerikinkatu 24",http://www.vuokraovi.com//vuokra-asunto/helsinki/keskusta/kerrostalo/yksio/113470,60.17332440000001,24.9410248,Majoituspalvelu Forenom Oy,None,None
315737,"kerrostalo, 38, 5 m2 | 1h+kt",863.0,"Espoo, Perkkaa, Perkkaantie 3 A",http://www.vuokraovi.com//vuokra-asunto/espoo/perkkaa/kerrostalo/yksio/315737,60.21709559999999,24.8214568,Newsec Asset Management  Oy,None,None
439379,"kerrostalo, 52 m2 | 2h+k+s",1055.0,"Espoo, Matinkyla, Nelikkokuja 10",http://www.vuokraovi.com//vuokra-asunto/espoo/matinkyla/kerrostalo/kaksio/439379,60.161331,24.7418421,SATO Vuokraus ja myynti / Helsinki,None,None
974306,"kerrostalo, 64 m2 | 3h, ak, kph, s, wc, p",2322.0,"Espoo, Matinkyla, Matinniitty 1",http://www.vuokraovi.com//vuokra-asunto/espoo/matinkyla/kerrostalo/kolmio/974306,60.1597194,24.7460109,Majoituspalvelu Forenom Oy,None,None
984722,"kerrostalo, 73 m2 | 3h+k+s",1106.0,"Espoo, Tuomarila, Kulovalkeantie 17 B",http://www.vuokraovi.com//vuokra-asunto/espoo/tuomarila/kerrostalo/kolmio/984722,60.20681029999999,24.6845271,Newsec Asset Management  Oy,None,None
146064,"kerrostalo, 90 m2 | 4H+K+S",1350.0,"Espoo, Kilo, Trillakatu 3",http://www.vuokraovi.com//vuokra-asunto/espoo/kilo/kerrostalo/4h/146064,60.21741549999999,24.7861317,Asokodit,None,None
146144,"kerrostalo, 55, 5 m2 | 2h+kk+sauna",1153.25,"Helsinki, Etu-Toolo, Apollonkatu 10 A 3",http://www.vuokraovi.com//vuokra-asunto/helsinki/etu-toolo/kerrostalo/kaksio/146144,60.175693,24.9262519,Keva,None,None
937731,"kerrostalo, 29 m2 | 1h, kk, kph",1009.0,"Espoo, Matinkyla, Matinkuja 1",http://www.vuokraovi.com//vuokra-asunto/espoo/matinkyla/kerrostalo/yksio/937731,60.1592605,24.7494938,Majoituspalvelu Forenom Oy,None,None
105446,"kerrostalo, 9 m2 | 1h, jaettu kph, yhteiset tilat",648.0,"Espoo, Kivenlahti, Aallonhuippu 4",http://www.vuokraovi.com//vuokra-asunto/espoo/kivenlahti/kerrostalo/yksio/105446,60.1509698,24.6379218,Majoituspalvelu Forenom Oy,None,None
120559,"kerrostalo, 20 m2 | 1h, kph",2299.0,"Helsinki, Keskusta, Eerikinkatu 24",http://www.vuokraovi.com//vuokra-asunto/helsinki/keskusta/kerrostalo/yksio/120559,60.17332440000001,24.9410248,Agency info missing,None,None
145914,"kerrostalo, 53, 5 m2 | 2 h + k + s",1028.0,"Helsinki, Laajasalo, Svanstrominkuja 9",http://www.vuokraovi.com//vuokra-asunto/helsinki/laajasalo/kerrostalo/kaksio/145914,60.1731817,25.0477383,Kruunuasunnot Oy,None,None
145772,"kerrostalo, 55 m2 | 2 h, kk, kh, lasitettu parveke",1324.0,"Helsinki, Jatkasaari, Kap Hornin katu 8",http://www.vuokraovi.com//vuokra-asunto/helsinki/jatkasaari/kerrostalo/kaksio/145772,60.15762050000001,24.9203444,Paakaupunkiseutu Yksityisomistajien vuokra-asunnot,None,None
120556,"kerrostalo, 16 m2 | 1h, kph",1721.0,"Helsinki, Keskusta, Eerikinkatu 24",http://www.vuokraovi.com//vuokra-asunto/helsinki/keskusta/kerrostalo/yksio/120556,60.17332440000001,24.9410248,Majoituspalvelu Forenom Oy,None,None
145704,"paritalo, 156 m2 | 6k+k+s+3WC+apukeittio",2150.0,"Espoo, Kaitaa, Kaitamaki 5",http://www.vuokraovi.com//vuokra-asunto/espoo/kaitaa/paritalo/5h+/145704,60.14218469999999,24.6886493,Agency info missing,None,None
445414,"kerrostalo, 35 m2 | 1h+k",895.0,"Helsinki, Kallio, Agricolankuja 8",http://www.vuokraovi.com//vuokra-asunto/helsinki/kallio/kerrostalo/yksio/445414,60.18512439999999,24.9540821,Agency info missing,None,None
379393,"kerrostalo, 25 m2 | 1h, k, kph, wc",1009.0,"Helsinki, Riihipellontie 3",http://www.vuokraovi.com//vuokra-asunto/helsinki/kerrostalo/yksio/379393,60.23809009999999,24.8454811,Majoituspalvelu Forenom Oy,None,None
145390,"kerrostalo, 74, 5 m2 | FURNISHED 3 rooms",1650.0,"Helsinki, Toolo, Arkadiankatu 20 B",http://www.vuokraovi.com//vuokra-asunto/helsinki/toolo/kerrostalo/kolmio/145390,60.1711064,24.9253686,Celine Oy Ab LKV AFM,None,None
145274,"kerrostalo, 43 m2 | 1h+kk",1170.0,"Helsinki, Taka-Toolo, Valskarinkatu 4",http://www.vuokraovi.com//vuokra-asunto/helsinki/taka-toolo/kerrostalo/yksio/145274,60.17781919999999,24.9208993,SATO Vuokraus ja myynti / Helsinki,None,None
468665,"kerrostalo, 39 m2 | 2h, kk, kph",1819.0,"Helsinki, Fredrikinkatu 36",http://www.vuokraovi.com//vuokra-asunto/helsinki/kerrostalo/kaksio/468665,60.16621069999999,24.934187,Majoituspalvelu Forenom Oy,None,None
145156,"paritalo, 330 m2 | 6 mh+oh+k+rt+kirjasto+uima-all",4200.0,"Espoo, Kartanonpolku 10 B",http://www.vuokraovi.com//vuokra-asunto/espoo/paritalo/5h+/145156,60.13488599999999,24.6641266,Lea Jakama Oy LKV [A],None,None
145059,"paritalo, 132 m2 | 4h+k+2xkph+s+erill wc",2000.0,"Helsinki, Marjaniemi, Esikkopolku 3 B",http://www.vuokraovi.com//vuokra-asunto/helsinki/marjaniemi/paritalo/5h+/145059,60.20386449999999,25.0936706,Huom! | Suomen Asuntopalvelut Oy,None,None
301765,"kerrostalo, 61 m2 | 3h+k",1350.0,"Helsinki, Etela-Haaga, Kangaspellontie 3",http://www.vuokraovi.com//vuokra-asunto/helsinki/etela-haaga/kerrostalo/kolmio/301765,60.2095776,24.8849252,SATO Vuokraus ja myynti / Helsinki,None,None
315517,"kerrostalo, 71 m2 | 3h, k, s, p",2119.0,"Espoo, Kilo, Kilontie 8",http://www.vuokraovi.com//vuokra-asunto/espoo/kilo/kerrostalo/kolmio/315517,60.21937149999999,24.7778618,Majoituspalvelu Forenom Oy,None,None
338686,"kerrostalo, 85 m2 | 4h, kph, s, wc, p",2777.0,"Espoo, Leppavaara, Porarinkatu 7",http://www.vuokraovi.com//vuokra-asunto/espoo/leppavaara/kerrostalo/4h/338686,60.22511729999999,24.8178605,Majoituspalvelu Forenom Oy,None,None
144992,"erillistalo, 22 m2 | 1h, kph",1114.0,"Espoo, Otaniemi, Kivimiehentie 2",http://www.vuokraovi.com//vuokra-asunto/espoo/otaniemi/erillistalo/yksio/144992,60.17986649999999,24.8287218,Majoituspalvelu Forenom Oy,None,None
144994,"erillistalo, 15 m2 | Omahuone",1050.0,"Espoo, Otaniemi, Kivimiehentie 2",http://www.vuokraovi.com//vuokra-asunto/espoo/otaniemi/erillistalo/yksio/144994,60.17986649999999,24.8287218,Agency info missing,None,None
144864,"kerrostalo, 32 m2 | KALUSTETTU 1h+kk+kph+parveke",1070.0,"Helsinki, Merihaka, Hakaniemenranta14",http://www.vuokraovi.com//vuokra-asunto/helsinki/merihaka/kerrostalo/yksio/144864,60.1783416,24.9602142,Agency info missing,None,None
441150,"kerrostalo, 61 m2 | 3h+k",1300.0,"Helsinki, Etela-Haaga, Kangaspellontie 3",http://www.vuokraovi.com//vuokra-asunto/helsinki/etela-haaga/kerrostalo/kolmio/441150,60.2095776,24.8849252,SATO Vuokraus ja myynti / Helsinki,None,None
377620,"kerrostalo, 53 m2 | 2h, k, kph, wc",2276.0,"Helsinki, Albertinkatu 31",http://www.vuokraovi.com//vuokra-asunto/helsinki/kerrostalo/kaksio/377620,60.16509790000001,24.9324138,Majoituspalvelu Forenom Oy,None,None
144319,"kerrostalo, 45, 5 m2 | 1h+alk+kk+s+parv",889.0,"Espoo, Tuomarila, Kulovalkeantie 14 A",http://www.vuokraovi.com//vuokra-asunto/espoo/tuomarila/kerrostalo/yksio/144319,60.20669799999999,24.6819757,Asuntosaatio,None,None
135429,"kerrostalo, 43 m2 | 2h, kk, kph, wc, p",1765.0,"Espoo, Olari, Maapallonkatu 8",http://www.vuokraovi.com//vuokra-asunto/espoo/olari/kerrostalo/kaksio/135429,60.1707624,24.7261621,Majoituspalvelu Forenom Oy,None,None
143973,"kerrostalo, 44 m2 | 2h, ak, kph, s, wc, p",2326.0,"Helsinki, Pasila, Aleksis Kiven katu 39",http://www.vuokraovi.com//vuokra-asunto/helsinki/pasila/kerrostalo/kaksio/143973,60.19497459999999,24.9394385,Majoituspalvelu Forenom Oy,None,None
958325,"kerrostalo, 16 m2 | Soluhuone",670.0,"Helsinki, Kruununhaka, Liisankatu 16 D",http://www.vuokraovi.com//vuokra-asunto/helsinki/kruununhaka/kerrostalo/yksio/958325,60.1740581,24.9543773,Topreal,None,None
419513,"kerrostalo, 53, 5 m2 | 2h+k",808.0,"Espoo, Soukka, Kaskivuorenkuja 3",http://www.vuokraovi.com//vuokra-asunto/espoo/soukka/kerrostalo/kaksio/419513,60.14009979999999,24.6655698,SATO Vuokraus ja myynti / Helsinki,None,None
416717,"kerrostalo, 73 m2 | 3h, ak, kph, s, wc, p",2528.0,"Espoo, Karakallio, Ratamotie 2",http://www.vuokraovi.com//vuokra-asunto/espoo/karakallio/kerrostalo/kolmio/416717,60.23113249999999,24.7768915,Majoituspalvelu Forenom Oy,None,None
466117,"kerrostalo, 51, 4 m2 | 2h+k",939.0,"Espoo, Viherlaakso, Viherlaaksonranta 3",http://www.vuokraovi.com//vuokra-asunto/espoo/viherlaakso/kerrostalo/kaksio/466117,60.2262011,24.7309752,SATO Vuokraus ja myynti / Helsinki,None,None
143208,"kerrostalo, 27, 5 m2 | RESERVED STUDIO",1100.0,"Helsinki, Ruoholahti, RESERVED Messipojankuja 4 B",http://www.vuokraovi.com//vuokra-asunto/helsinki/ruoholahti/kerrostalo/yksio/143208,60.17332440000001,24.9410248,Celine Oy Ab LKV AFM,None,None
143076,"paritalo, 97 m2 | 4H+K+S",1590.0,"Helsinki, Heikinlaakso, Sienitie 47",http://www.vuokraovi.com//vuokra-asunto/helsinki/heikinlaakso/paritalo/4h/143076,60.2723812,25.0789299,Asokodit,None,None
143005,"omakotitalo, 328 m2 | oh+k+rt+3-4mh+2wc+kph+takkah+v",3300.0,"Espoo, Kaitaa, Kaitalahdenranta 15",http://www.vuokraovi.com//vuokra-asunto/espoo/kaitaa/omakotitalo/5h+/143005,60.1410864,24.6904092,Lea Jakama Oy LKV [A],None,None
970348,"kerrostalo, 30, 5 m2 | 1h+kk",1088.0,"Helsinki, Kamppi, Kalevankatu 32",http://www.vuokraovi.com//vuokra-asunto/helsinki/kamppi/kerrostalo/yksio/970348,60.1653811,24.9327256,SATO Vuokraus ja myynti / Helsinki,None,None
404586,"kerrostalo, 40 m2 | 1h+kk",995.0,"Helsinki, Kruununhaka, Snellmaninkatu 23",http://www.vuokraovi.com//vuokra-asunto/helsinki/kruununhaka/kerrostalo/yksio/404586,60.17342730000001,24.9533623,Agency info missing,None,None
391933,"kerrostalo, 26 m2 | 1h, kk, kph",1370.0,"Helsinki, Helsinginkatu 11",http://www.vuokraovi.com//vuokra-asunto/helsinki/kerrostalo/yksio/391933,60.1873601,24.9563868,Majoituspalvelu Forenom Oy,None,None
984723,"kerrostalo, 48, 5 m2 | 2h+kk+s",825.0,"Espoo, Tuomarila, Kulovalkeantie 17 B",http://www.vuokraovi.com//vuokra-asunto/espoo/tuomarila/kerrostalo/kaksio/984723,60.20681029999999,24.6845271,Agency info missing,None,None
142948,"kerrostalo, 83 m2 | 3h+k+s+piha",1411.0,"Espoo, Suurpelto, Klariksentie 5",http://www.vuokraovi.com//vuokra-asunto/espoo/suurpelto/kerrostalo/kolmio/142948,60.183045,24.739728,Asuntosaatio,None,None
402935,"kerrostalo, 73 m2 | 3h+k+s",1595.0,"Helsinki, Tali, Kutomotie 12a",http://www.vuokraovi.com//vuokra-asunto/helsinki/tali/kerrostalo/kolmio/402935,60.21545820000001,24.8704099,SATO Vuokraus ja myynti / Helsinki,None,None
134555,"kerrostalo, 50 m2 | 2h+k",943.0,"Espoo, Kilo, Lansantie 3",http://www.vuokraovi.com//vuokra-asunto/espoo/kilo/kerrostalo/kaksio/134555,60.2163672,24.7734591,SATO Vuokraus ja myynti / Helsinki,None,None
328181,"kerrostalo, 8 m2 | Omahuone, ak, jaettu kph",756.0,"Espoo, Kuninkainen, Herttuantie 4",http://www.vuokraovi.com//vuokra-asunto/espoo/kuninkainen/kerrostalo/yksio/328181,60.22524749999999,24.7674515,Agency info missing,None,None
496943,"kerrostalo, 26 m2 | 1h, kph",1957.0,"Espoo, Kivenlahti, Tyrskyvuori 4",http://www.vuokraovi.com//vuokra-asunto/espoo/kivenlahti/kerrostalo/yksio/496943,60.1486793,24.6370734,Majoituspalvelu Forenom Oy,None,None
142196,"erillistalo, 51 m2 | 2h, kk",1914.0,"Espoo, Otaniemi, Kivimiehentie 2",http://www.vuokraovi.com//vuokra-asunto/espoo/otaniemi/erillistalo/kaksio/142196,60.17986649999999,24.8287218,Majoituspalvelu Forenom Oy,None,None
142198,"erillistalo, 59 m2 | 3h, kk",2520.0,"Espoo, Otaniemi, Kivimiehentie 2",http://www.vuokraovi.com//vuokra-asunto/espoo/otaniemi/erillistalo/kolmio/142198,60.17986649999999,24.8287218,Majoituspalvelu Forenom Oy,None,None
488621,"kerrostalo, 48, 5 m2 | 2h+kk",1076.0,"Helsinki, Pikku Huopalahti, Tilkankatu 15",http://www.vuokraovi.com//vuokra-asunto/helsinki/pikku+huopalahti/kerrostalo/kaksio/488621,60.20252499999999,24.8945636,SATO Vuokraus ja myynti / Helsinki,None,None
418527,"kerrostalo, 63 m2 | 2h+k+s",985.0,"Espoo, Kilo, Kilonkallionkuja 5",http://www.vuokraovi.com//vuokra-asunto/espoo/kilo/kerrostalo/kaksio/418527,60.22121179999999,24.7811638,SATO Vuokraus ja myynti / Helsinki,None,None
405216,"kerrostalo, 43 m2 | 2h+kk",898.0,"Espoo, Matinkyla, Matinraitti 11",http://www.vuokraovi.com//vuokra-asunto/espoo/matinkyla/kerrostalo/kaksio/405216,60.1576089,24.7455181,SATO Vuokraus ja myynti / Helsinki,None,None
313372,"kerrostalo, 13 m2 | Omahuone, ak, jaettu kph",774.0,"Espoo, Kuninkainen, Herttuantie 4",http://www.vuokraovi.com//vuokra-asunto/espoo/kuninkainen/kerrostalo/yksio/313372,60.22524749999999,24.7674515,Majoituspalvelu Forenom Oy,None,None
372385,"kerrostalo, 23 m2 | 1h, k",1262.0,"Helsinki, Fleminginkatu 7",http://www.vuokraovi.com//vuokra-asunto/helsinki/kerrostalo/yksio/372385,60.1849353,24.9531771,Majoituspalvelu Forenom Oy,None,None
104717,"kerrostalo, 60 m2 | 3h, k, kph, wc",2477.0,"Helsinki, Mannerheimintie 87",http://www.vuokraovi.com//vuokra-asunto/helsinki/kerrostalo/kolmio/104717,60.193713,24.9061967,Majoituspalvelu Forenom Oy,None,None
141584,"kerrostalo, 58, 5 m2 | 2 h + k + s",1151.0,"Helsinki, Laajasalo, Svanstrominkuja 9",http://www.vuokraovi.com//vuokra-asunto/helsinki/laajasalo/kerrostalo/kaksio/141584,60.1731817,25.0477383,Kruunuasunnot Oy,None,None
141375,"kerrostalo, 74 m2 | 3h+kt+s+parveke",1221.0,"Helsinki, Herttoniemi, Abraham Wetterin tie 16 B 28",http://www.vuokraovi.com//vuokra-asunto/helsinki/herttoniemi/kerrostalo/kolmio/141375,60.19314250000001,25.046611,Keva,None,None
391414,"kerrostalo, 54 m2 | 2h+kk",1125.0,"Helsinki, Pikku Huopalahti, Korppaanmaentie 17",http://www.vuokraovi.com//vuokra-asunto/helsinki/pikku+huopalahti/kerrostalo/kaksio/391414,60.2055586,24.8923587,SATO Vuokraus ja myynti / Helsinki,None,None
977575,"kerrostalo, 15 m2 | Omahuone, jaettu kph",625.0,"Espoo, Leppavaara, Everstinkuja 4",http://www.vuokraovi.com//vuokra-asunto/espoo/leppavaara/kerrostalo/yksio/977575,60.2132635,24.8221707,Majoituspalvelu Forenom Oy,None,None
487580,"kerrostalo, 18 m2 | 1h, kph, wc",1859.0,"Helsinki, Herttoniemi, Hitsaajankatu 12",http://www.vuokraovi.com//vuokra-asunto/helsinki/herttoniemi/kerrostalo/yksio/487580,60.19279969999999,25.0295647,Agency info missing,None,None
141108,"kerrostalo, 64 m2 | 3 h, k, s, parveke",1019.0,"Espoo, Matinkyla, Kala-Maija 4 A",http://www.vuokraovi.com//vuokra-asunto/espoo/matinkyla/kerrostalo/kolmio/141108,60.15899979999999,24.740901,Suomen Laatuasunnot Oy,None,None
140920,"kerrostalo, 17 m2 | 1h, kph",1875.0,"Helsinki, Keskusta, Eerikinkatu 24",http://www.vuokraovi.com//vuokra-asunto/helsinki/keskusta/kerrostalo/yksio/140920,60.17332440000001,24.9410248,Majoituspalvelu Forenom Oy,None,None
140924,"kerrostalo, 13 m2 | 1h, kph",1721.0,"Helsinki, Keskusta, Eerikinkatu 24",http://www.vuokraovi.com//vuokra-asunto/helsinki/keskusta/kerrostalo/yksio/140924,60.17332440000001,24.9410248,Majoituspalvelu Forenom Oy,None,None
140925,"kerrostalo, 14 m2 | 1h, kph",1721.0,"Helsinki, Keskusta, Eerikinkatu 24",http://www.vuokraovi.com//vuokra-asunto/helsinki/keskusta/kerrostalo/yksio/140925,60.17332440000001,24.9410248,Majoituspalvelu Forenom Oy,None,None
140929,"kerrostalo, 60 m2 | 2h, kk, s, wc",2072.0,"Helsinki, Italahdenkatu 2",http://www.vuokraovi.com//vuokra-asunto/helsinki/kerrostalo/kaksio/140929,60.14756130000001,24.8823119,Majoituspalvelu Forenom Oy,None,None
117379,"kerrostalo, 62 m2 | 3h, k, kph, s, wc, p",2528.0,"Espoo, Vallikallio, Vallikatu 15",http://www.vuokraovi.com//vuokra-asunto/espoo/vallikallio/kerrostalo/kolmio/117379,60.22880379999999,24.8175093,Majoituspalvelu Forenom Oy,None,None
140375,"kerrostalo, 57, 5 m2 | 2h + k + kh",800.0,"Espoo, Kirkkojarvi, Kotikylantie 7",http://www.vuokraovi.com//vuokra-asunto/espoo/kirkkojarvi/kerrostalo/kaksio/140375,60.2084297,24.6660293,Agency info missing,None,None
140218,"kerrostalo, 43 m2 | 2h+kt",840.0,"Espoo, Leppavaara, Saterinkatu 14 A",http://www.vuokraovi.com//vuokra-asunto/espoo/leppavaara/kerrostalo/kaksio/140218,60.2141644,24.8030548,Newsec Asset Management  Oy,None,None
140219,"kerrostalo, 35 m2 | 2h+kt",790.0,"Espoo, Leppavaara, Saterinkatu 14 A",http://www.vuokraovi.com//vuokra-asunto/espoo/leppavaara/kerrostalo/kaksio/140219,60.2141644,24.8030548,Newsec Asset Management  Oy,None,None
140220,"kerrostalo, 35 m2 | 2h+kt",790.0,"Espoo, Leppavaara, Saterinkatu 14 A",http://www.vuokraovi.com//vuokra-asunto/espoo/leppavaara/kerrostalo/kaksio/140220,60.2141644,24.8030548,Newsec Asset Management  Oy,None,None
140222,"kerrostalo, 63, 5 m2 | 2h+k",1020.0,"Espoo, Leppavaara, Saterinkatu 14 A",http://www.vuokraovi.com//vuokra-asunto/espoo/leppavaara/kerrostalo/kaksio/140222,60.2141644,24.8030548,Newsec Asset Management  Oy,None,None
140223,"kerrostalo, 65, 5 m2 | 3h+k",1160.0,"Espoo, Leppavaara, Saterinkatu 14 A",http://www.vuokraovi.com//vuokra-asunto/espoo/leppavaara/kerrostalo/kolmio/140223,60.2141644,24.8030548,Newsec Asset Management  Oy,None,None
140226,"kerrostalo, 37 m2 | 1h+kt+alk",750.0,"Espoo, Leppavaara, Saterinkatu 14 A",http://www.vuokraovi.com//vuokra-asunto/espoo/leppavaara/kerrostalo/yksio/140226,60.2141644,24.8030548,Newsec Asset Management  Oy,None,None
140227,"kerrostalo, 36, 5 m2 | 1h+kt+alk",750.0,"Espoo, Leppavaara, Saterinkatu 14 A",http://www.vuokraovi.com//vuokra-asunto/espoo/leppavaara/kerrostalo/yksio/140227,60.2141644,24.8030548,Newsec Asset Management  Oy,None,None
140228,"kerrostalo, 35, 5 m2 | 2h+kt",790.0,"Espoo, Leppavaara, Saterinkatu 14 A",http://www.vuokraovi.com//vuokra-asunto/espoo/leppavaara/kerrostalo/kaksio/140228,60.2141644,24.8030548,Newsec Asset Management  Oy,None,None
140229,"kerrostalo, 35, 5 m2 | 2h+kt",790.0,"Espoo, Leppavaara, Saterinkatu 14 A",http://www.vuokraovi.com//vuokra-asunto/espoo/leppavaara/kerrostalo/kaksio/140229,60.2141644,24.8030548,Newsec Asset Management  Oy,None,None
140230,"kerrostalo, 36, 5 m2 | 1h+kt+alk",750.0,"Espoo, Leppavaara, Saterinkatu 14 A",http://www.vuokraovi.com//vuokra-asunto/espoo/leppavaara/kerrostalo/yksio/140230,60.2141644,24.8030548,Newsec Asset Management  Oy,None,None
140232,"kerrostalo, 34, 5 m2 | 2h+kt",800.0,"Espoo, Leppavaara, Saterinkatu 14 A",http://www.vuokraovi.com//vuokra-asunto/espoo/leppavaara/kerrostalo/kaksio/140232,60.2141644,24.8030548,Newsec Asset Management  Oy,None,None
140236,"kerrostalo, 65, 5 m2 | 3h+kt",1180.0,"Espoo, Leppavaara, Saterinkatu 14 A",http://www.vuokraovi.com//vuokra-asunto/espoo/leppavaara/kerrostalo/kolmio/140236,60.2141644,24.8030548,Newsec Asset Management  Oy,None,None
140243,"kerrostalo, 36, 5 m2 | 1h+kt+alk",760.0,"Espoo, Leppavaara, Saterinkatu 14 A",http://www.vuokraovi.com//vuokra-asunto/espoo/leppavaara/kerrostalo/yksio/140243,60.2141644,24.8030548,Newsec Asset Management  Oy,None,None
140245,"kerrostalo, 34, 5 m2 | 2h+kt",810.0,"Espoo, Leppavaara, Saterinkatu 14 A",http://www.vuokraovi.com//vuokra-asunto/espoo/leppavaara/kerrostalo/kaksio/140245,60.2141644,24.8030548,Newsec Asset Management  Oy,None,None
140251,"kerrostalo, 35, 5 m2 | 2h+kt",810.0,"Espoo, Leppavaara, Saterinkatu 14 A",http://www.vuokraovi.com//vuokra-asunto/espoo/leppavaara/kerrostalo/kaksio/140251,60.2141644,24.8030548,Newsec Asset Management  Oy,None,None
140252,"kerrostalo, 36, 5 m2 | 1h+kt+alk",770.0,"Espoo, Leppavaara, Saterinkatu 14 A",http://www.vuokraovi.com//vuokra-asunto/espoo/leppavaara/kerrostalo/yksio/140252,60.2141644,24.8030548,Newsec Asset Management  Oy,None,None
943156,"kerrostalo, 65 m2 | 3h, k, kph, wc, p",2123.0,"Espoo, Tapiola, Hakamaki 1",http://www.vuokraovi.com//vuokra-asunto/espoo/tapiola/kerrostalo/kolmio/943156,60.1709966,24.7934937,Majoituspalvelu Forenom Oy,None,None
140157,"kerrostalo, 18 m2 | 1h, kk, kph",2327.0,"Helsinki, Keskusta, Eerikinkatu 24",http://www.vuokraovi.com//vuokra-asunto/helsinki/keskusta/kerrostalo/yksio/140157,60.17332440000001,24.9410248,Agency info missing,None,None
139944,"kerrostalo, 102 m2 | 3 h, k, kh, erill. wc, parveke",1850.0,"Helsinki, Meilahti, Mantytie 21",http://www.vuokraovi.com//vuokra-asunto/helsinki/meilahti/kerrostalo/kolmio/139944,60.1932631,24.8970491,Paakaupunkiseutu Yksityisomistajien vuokra-asunnot,None,None
435672,"kerrostalo, 74 m2 | 3h+k+s",1590.0,"Helsinki, Jatkasaari, Rionkatu 11",http://www.vuokraovi.com//vuokra-asunto/helsinki/jatkasaari/kerrostalo/kolmio/435672,60.15689689999999,24.9187432,SATO Vuokraus ja myynti / Helsinki,None,None
139887,"kerrostalo, 58 m2 | 2h+k+s",967.0,"Espoo, Kilo, Lansantie 3",http://www.vuokraovi.com//vuokra-asunto/espoo/kilo/kerrostalo/kaksio/139887,60.2163672,24.7734591,SATO Vuokraus ja myynti / Helsinki,None,None
387207,"kerrostalo, 37 m2 | 1h, tk, kph",1765.0,"Helsinki, Laivurinkatu 35",http://www.vuokraovi.com//vuokra-asunto/helsinki/kerrostalo/yksio/387207,60.1588349,24.9421833,Majoituspalvelu Forenom Oy,None,None
484805,"kerrostalo, 28 m2 | 1h, k",1161.0,"Helsinki, Kajaaninlinnantie 8",http://www.vuokraovi.com//vuokra-asunto/helsinki/kerrostalo/yksio/484805,60.21213529999999,25.0727999,Majoituspalvelu Forenom Oy,None,None
139865,"kerrostalo, 55 m2 | 2 H + K + S",890.0,"Espoo, Saunalahti, Saunalahdenkatu 16",http://www.vuokraovi.com//vuokra-asunto/espoo/saunalahti/kerrostalo/kaksio/139865,60.16559290000001,24.6147356,Newsec Asset Management  Oy,None,None
389035,"kerrostalo, 46 m2 | 2h, tk, kph, s, p",2477.0,"Helsinki, Fredrikinkatu 63",http://www.vuokraovi.com//vuokra-asunto/helsinki/kerrostalo/kaksio/389035,60.1681274,24.9318581,Majoituspalvelu Forenom Oy,None,None
414002,"kerrostalo, 10 m2 | Omahuone",628.0,"Helsinki, Abrahaminkatu 7",http://www.vuokraovi.com//vuokra-asunto/helsinki/kerrostalo/yksio/414002,60.16372219999999,24.9301162,Majoituspalvelu Forenom Oy,None,None
139364,"kerrostalo, 43 m2 | 1h+kk",1150.0,"Helsinki, Taka-Toolo, Valskarinkatu 4",http://www.vuokraovi.com//vuokra-asunto/helsinki/taka-toolo/kerrostalo/yksio/139364,60.17781919999999,24.9208993,SATO Vuokraus ja myynti / Helsinki,None,None
345050,"kerrostalo, 74 m2 | 3h, k, kph, wc",2275.0,"Espoo, Espoon keskus, Kaivomestarinkatu 3",http://www.vuokraovi.com//vuokra-asunto/espoo/espoon+keskus/kerrostalo/kolmio/345050,60.20886350000001,24.6621284,Majoituspalvelu Forenom Oy,None,None
486087,"kerrostalo, 60 m2 | 3h, kph",2477.0,"Helsinki, Topeliuksenkatu 17",http://www.vuokraovi.com//vuokra-asunto/helsinki/kerrostalo/kolmio/486087,60.18356699999999,24.9184592,Majoituspalvelu Forenom Oy,None,None
139193,"omakotitalo, 300 m2 | 6h, avok, oh, s, 3 kph, 4 wc, ",3800.0,"Espoo, Lintuvaara, Aseveljentie 22",http://www.vuokraovi.com//vuokra-asunto/espoo/lintuvaara/omakotitalo/5h+/139193,60.2295734,24.8314224,"JYA Housing LKV, Paakaupunkiseutu",None,None
139167,"kerrostalo, 67 m2 | 2h, avok., sauna, lasitettu pa",1320.0,"Espoo, Tapiola, Revontulentie 11",http://www.vuokraovi.com//vuokra-asunto/espoo/tapiola/kerrostalo/kaksio/139167,60.1719133,24.8040988,Paakaupunkiseutu Suuromistajien vuokra-asunnot,None,None
139169,"kerrostalo, 76, 5 m2 | 2h, avok., sauna, lasitettu pa",1490.0,"Espoo, Tapiola, Revontulentie 11",http://www.vuokraovi.com//vuokra-asunto/espoo/tapiola/kerrostalo/kaksio/139169,60.1719133,24.8040988,Paakaupunkiseutu Suuromistajien vuokra-asunnot,None,None
139176,"kerrostalo, 58 m2 | 2h, avok., sauna, lasitettu parve",1240.0,"Espoo, Tapiola, Revontulentie 11",http://www.vuokraovi.com//vuokra-asunto/espoo/tapiola/kerrostalo/kaksio/139176,60.1719133,24.8040988,Paakaupunkiseutu Suuromistajien vuokra-asunnot,None,None
977495,"kerrostalo, 22 m2 | 1h, kk, kph",1262.0,"Helsinki, Mannerheimintie 108",http://www.vuokraovi.com//vuokra-asunto/helsinki/kerrostalo/yksio/977495,60.1900146,24.9155604,Majoituspalvelu Forenom Oy,None,None
359437,"kerrostalo, 33, 5 m2 | 1h",1663.0,"Helsinki, Tehtaankatu 32",http://www.vuokraovi.com//vuokra-asunto/helsinki/kerrostalo/yksio/359437,60.1578618,24.9392955,Majoituspalvelu Forenom Oy,None,None
104715,"kerrostalo, 42 m2 | 2h, ak, kph, s, p, 2yhteiset t",1920.0,"Espoo, Leppavaara, Ratsukatu 8",http://www.vuokraovi.com//vuokra-asunto/espoo/leppavaara/kerrostalo/kaksio/104715,60.21852539999999,24.8073989,Majoituspalvelu Forenom Oy,None,None
139090,"kerrostalo, 46 m2 | 2h + k + kph",900.0,"Espoo, Tapiola, Naavakalliontie 2 A",http://www.vuokraovi.com//vuokra-asunto/espoo/tapiola/kerrostalo/kaksio/139090,60.17615290000001,24.7920905,Lea Jakama Oy LKV [A],None,None
418290,"kerrostalo, 84 m2 | 3h, kk, kph, s, wc, p",2326.0,"Espoo, Olari, Alaportti 1",http://www.vuokraovi.com//vuokra-asunto/espoo/olari/kerrostalo/kolmio/418290,60.17493390000001,24.7328768,Majoituspalvelu Forenom Oy,None,None
452070,"kerrostalo, 62 m2 | 2h+k",967.0,"Espoo, Laajalahti, Heinjoenpolku 2 A-J",http://www.vuokraovi.com//vuokra-asunto/espoo/laajalahti/kerrostalo/kaksio/452070,60.2035545,24.802476,SATO Vuokraus ja myynti / Helsinki,None,None
138745,"kerrostalo, 76, 5 m2 | 3h + k + s + parveke",1104.65,"Espoo, Ymmersta, Ullantorpantie 8 A",http://www.vuokraovi.com//vuokra-asunto/espoo/ymmersta/kerrostalo/kolmio/138745,60.20465910000001,24.7055545,Asuntosaatio,None,None
446997,"kerrostalo, 32 m2 | 1h+kk",777.0,"Espoo, Matinkyla, Matinraitti 11",http://www.vuokraovi.com//vuokra-asunto/espoo/matinkyla/kerrostalo/yksio/446997,60.1576089,24.7455181,SATO Vuokraus ja myynti / Helsinki,None,None
986205,"kerrostalo, 23 m2 | 1h",1617.0,"Helsinki, Arkadiankatu 8",http://www.vuokraovi.com//vuokra-asunto/helsinki/kerrostalo/yksio/986205,60.1710128,24.9314258,Majoituspalvelu Forenom Oy,None,None
983407,"kerrostalo, 49, 5 m2 | 2h+kk",1180.0,"Helsinki, Tali, Kutomotie 10a",http://www.vuokraovi.com//vuokra-asunto/helsinki/tali/kerrostalo/kaksio/983407,60.2135987,24.8725328,SATO Vuokraus ja myynti / Helsinki,None,None
127656,"kerrostalo, 20 m2 | 1h, kk, kph",2327.0,"Helsinki, Keskusta, Eerikinkatu 24",http://www.vuokraovi.com//vuokra-asunto/helsinki/keskusta/kerrostalo/yksio/127656,60.17332440000001,24.9410248,Majoituspalvelu Forenom Oy,None,None
430438,"kerrostalo, 62 m2 | 2h+k",991.0,"Espoo, Soukka, Soukankaari 5",http://www.vuokraovi.com//vuokra-asunto/espoo/soukka/kerrostalo/kaksio/430438,60.14050880000001,24.6713525,Agency info missing,None,None
490525,"kerrostalo, 62 m2 | 2h+k",959.0,"Espoo, Soukka, Soukankaari 5",http://www.vuokraovi.com//vuokra-asunto/espoo/soukka/kerrostalo/kaksio/490525,60.14050880000001,24.6713525,SATO Vuokraus ja myynti / Helsinki,None,None
409460,"kerrostalo, 74, 5 m2 | 3H+K",1123.0,"Helsinki, Pitajanmaki, PITAJANMAENTIE 35 C",http://www.vuokraovi.com//vuokra-asunto/helsinki/pitajanmaki/kerrostalo/kolmio/409460,60.22503159999999,24.8523264,Newsec Asset Management  Oy,None,None
137442,"kerrostalo, 74, 5 m2 | 3h+k",1476.0,"Helsinki, Pikku Huopalahti, Tilkankatu 6",http://www.vuokraovi.com//vuokra-asunto/helsinki/pikku+huopalahti/kerrostalo/kolmio/137442,60.2030751,24.8942589,SATO Vuokraus ja myynti / Helsinki,None,None
979264,"kerrostalo, 65 m2 | 3h, k, kph, p",2119.0,"Espoo, Tapiola, Kaskenkaatajantie 8",http://www.vuokraovi.com//vuokra-asunto/espoo/tapiola/kerrostalo/kolmio/979264,60.1807099,24.7932755,Majoituspalvelu Forenom Oy,None,None
454932,"kerrostalo, 43 m2 | 2h, k, kph",1870.0,"Helsinki, Iso Roobertinkatu 33",http://www.vuokraovi.com//vuokra-asunto/helsinki/kerrostalo/kaksio/454932,60.16227409999999,24.9383032,Majoituspalvelu Forenom Oy,None,None
137341,"kerrostalo, 185 m2 | 5-6 h, k, s, kph, khh",2500.0,"Espoo, Espoonlahti, Lokirinne 6 B",http://www.vuokraovi.com//vuokra-asunto/espoo/espoonlahti/kerrostalo/5h+/137341,60.1493051,24.6588371,West-House LKV [A],None,None
137097,"kerrostalo, 42, 5 m2 | 1h, kt, alkovi, sa, parv.",1300.0,"Helsinki, Arabianranta, Toukolankatu 27",http://www.vuokraovi.com//vuokra-asunto/helsinki/arabianranta/kerrostalo/yksio/137097,60.20510479999999,24.974148,Kiinteistotahkola | Vuokra-asunnot,None,None
136646,"kerrostalo, 5, 5 m2 | 2 h, avok, kh, lasitettu parve",1214.0,"Helsinki, Jatkasaari, Kap Hornin katu 8",http://www.vuokraovi.com//vuokra-asunto/helsinki/jatkasaari/kerrostalo/kaksio/136646,60.15762050000001,24.9203444,Paakaupunkiseutu Yksityisomistajien vuokra-asunnot,None,None
106228,"kerrostalo, 12 m2 | Omahuone",648.0,"Espoo, Kivenlahti, Aallonhuippu 4",http://www.vuokraovi.com//vuokra-asunto/espoo/kivenlahti/kerrostalo/yksio/106228,60.1509698,24.6379218,Majoituspalvelu Forenom Oy,None,None
428889,"kerrostalo, 29, 5 m2 | 1h+kk",875.0,"Helsinki, Munkkiniemi, Riihitie 3",http://www.vuokraovi.com//vuokra-asunto/helsinki/munkkiniemi/kerrostalo/yksio/428889,60.1949481,24.8834603,SATO Vuokraus ja myynti / Helsinki,None,None
381899,"kerrostalo, 63 m2 | 2h+k+s",1690.0,"Helsinki, Etu-Toolo, Pohjoinen Rautatiekatu 31",http://www.vuokraovi.com//vuokra-asunto/helsinki/etu-toolo/kerrostalo/kaksio/381899,60.1686542,24.9238288,SATO Vuokraus ja myynti / Helsinki,None,None
135868,"kerrostalo, 60, 5 m2 | 3h+k",965.0,"Espoo, Soukka, Soukankuja 4",http://www.vuokraovi.com//vuokra-asunto/espoo/soukka/kerrostalo/kolmio/135868,60.1386522,24.673169,SATO Vuokraus ja myynti / Helsinki,None,None
135872,"kerrostalo, 68 m2 | 3h+k",1258.0,"Espoo, Matinkyla, Matinniitynkuja 8",http://www.vuokraovi.com//vuokra-asunto/espoo/matinkyla/kerrostalo/kolmio/135872,60.1594194,24.7429163,SATO Vuokraus ja myynti / Helsinki,None,None
322745,"kerrostalo, 41, 5 m2 | 1h",1769.0,"Helsinki, Merimiehenkatu 25",http://www.vuokraovi.com//vuokra-asunto/helsinki/kerrostalo/yksio/322745,60.1606357,24.938739,Majoituspalvelu Forenom Oy,None,None
135426,"kerrostalo, 17 m2 | 1h, kk, kph",2327.0,"Helsinki, Keskusta, Eerikinkatu 24",http://www.vuokraovi.com//vuokra-asunto/helsinki/keskusta/kerrostalo/yksio/135426,60.17332440000001,24.9410248,Majoituspalvelu Forenom Oy,None,None
135387,"kerrostalo, 61 m2 | 2h+k+s+parveke",989.0,"Espoo, Saunalahti, Pohjoisviitta 1",http://www.vuokraovi.com//vuokra-asunto/espoo/saunalahti/kerrostalo/kaksio/135387,60.1663886,24.6122152,Asuntosaatio,None,None
135391,"kerrostalo, 61 m2 | 2h+k+s+parv",989.0,"Espoo, Saunalahti, Pohjoisviitta 1",http://www.vuokraovi.com//vuokra-asunto/espoo/saunalahti/kerrostalo/kaksio/135391,60.1663886,24.6122152,Asuntosaatio,None,None
309914,"kerrostalo, 51, 4 m2 | 2h+k",939.0,"Espoo, Viherlaakso, Viherlaaksonranta 3",http://www.vuokraovi.com//vuokra-asunto/espoo/viherlaakso/kerrostalo/kaksio/309914,60.2262011,24.7309752,SATO Vuokraus ja myynti / Helsinki,None,None
312770,"kerrostalo, 45, 4 m2 | 1h+k",989.0,"Helsinki, Vallila, Sturenkatu 47",http://www.vuokraovi.com//vuokra-asunto/helsinki/vallila/kerrostalo/kaksio/312770,60.1963214,24.9609605,SATO Vuokraus ja myynti / Helsinki,None,None
450823,"kerrostalo, 39, 5 m2 | 2h+kk",945.0,"Helsinki, Pitajanmaki, Kylakirkontie 13",http://www.vuokraovi.com//vuokra-asunto/helsinki/pitajanmaki/kerrostalo/kaksio/450823,60.2243405,24.8431387,SATO Vuokraus ja myynti / Helsinki,None,None
134983,"kerrostalo, 28 m2 | 1h+kk",849.0,"Helsinki, Pajamaki, Pajamaentie 7",http://www.vuokraovi.com//vuokra-asunto/helsinki/pajamaki/kerrostalo/yksio/134983,60.2189578,24.8566622,SATO Vuokraus ja myynti / Helsinki,None,None
975547,"kerrostalo, 71 m2 | 3h+k+s",1194.0,"Espoo, Vallikallio, Porarinkatu 8",http://www.vuokraovi.com//vuokra-asunto/espoo/vallikallio/kerrostalo/kolmio/975547,60.22472719999999,24.8171228,Agency info missing,None,None
947882,"kerrostalo, 36 m2 | 1h, k, wc",1358.0,"Helsinki, Peramiehenkatu 15",http://www.vuokraovi.com//vuokra-asunto/helsinki/kerrostalo/yksio/947882,60.15993640000001,24.9340921,Majoituspalvelu Forenom Oy,None,None
330371,"kerrostalo, 26 m2 | 1h, kph",2177.0,"Helsinki, Herttoniemi, Hitsaajankatu 12",http://www.vuokraovi.com//vuokra-asunto/helsinki/herttoniemi/kerrostalo/yksio/330371,60.19279969999999,25.0295647,Majoituspalvelu Forenom Oy,None,None
314512,"kerrostalo, 65 m2 | 2h+kk",1395.0,"Helsinki, Ullanlinna, Tarkkampujankatu 14",http://www.vuokraovi.com//vuokra-asunto/helsinki/ullanlinna/kerrostalo/kaksio/314512,60.16079240000001,24.9439495,SATO Vuokraus ja myynti / Helsinki,None,None
431632,"kerrostalo, 49 m2 | 2h+kk",1048.0,"Espoo, Matinkyla, Matinniitynkuja 6",http://www.vuokraovi.com//vuokra-asunto/espoo/matinkyla/kerrostalo/kaksio/431632,60.15957160000001,24.7436979,SATO Vuokraus ja myynti / Helsinki,None,None
439828,"kerrostalo, 61 m2 | 3h+k",1350.0,"Helsinki, Etela-Haaga, Kangaspellontie 5",http://www.vuokraovi.com//vuokra-asunto/helsinki/etela-haaga/kerrostalo/kolmio/439828,60.2095394,24.8840739,SATO Vuokraus ja myynti / Helsinki,None,None
133146,"kerrostalo, 62, 5 m2 | 2 h, avok, kh, lasitettu parve",1383.0,"Helsinki, Jatkasaari, Kap Hornin katu 8",http://www.vuokraovi.com//vuokra-asunto/helsinki/jatkasaari/kerrostalo/kaksio/133146,60.15762050000001,24.9203444,Paakaupunkiseutu Yksityisomistajien vuokra-asunnot,None,None
132157,"kerrostalo, 229 m2 | 4H+K+RT+KHH+TH+S",3900.0,"Helsinki, Kulosaari, Kulosaaren Puistotie 32 A",http://www.vuokraovi.com//vuokra-asunto/helsinki/kulosaari/kerrostalo/5h+/132157,60.1884606,25.0024948,Smartmove Oy,None,None
102913,"kerrostalo, 10 m2 | 1h, jaettu kph, yhteiset tilat",648.0,"Espoo, Kivenlahti, Aallonhuippu 4",http://www.vuokraovi.com//vuokra-asunto/espoo/kivenlahti/kerrostalo/yksio/102913,60.1509698,24.6379218,Majoituspalvelu Forenom Oy,None,None
133035,"kerrostalo, 56, 5 m2 | 2h+k",961.0,"Helsinki, Malminkartano, Juustenintie 4 A",http://www.vuokraovi.com//vuokra-asunto/helsinki/malminkartano/kerrostalo/kaksio/133035,60.24439779999999,24.8677771,Newsec Asset Management  Oy,None,None
132960,"kerrostalo, 83, 5 m2 | FURNISHED 3r, s, balc, PARKING",1750.0,"Helsinki, Katajanokka, Katajanokanranta 7 D",http://www.vuokraovi.com//vuokra-asunto/helsinki/katajanokka/kerrostalo/kolmio/132960,60.1662672,24.9748696,Celine Oy Ab LKV AFM,None,None
434298,"kerrostalo, 48, 5 m2 | 2h+k",980.0,"Espoo, Niittymaa, Malmiportti 4",http://www.vuokraovi.com//vuokra-asunto/espoo/niittymaa/kerrostalo/kaksio/434298,60.2054911,24.6559001,SATO Vuokraus ja myynti / Helsinki,None,None
400535,"kerrostalo, 27 m2 | 1h, tk, kph",1262.0,"Espoo, Tapiola, Riistapolku 4",http://www.vuokraovi.com//vuokra-asunto/espoo/tapiola/kerrostalo/yksio/400535,60.17564059999999,24.7929388,Majoituspalvelu Forenom Oy,None,None
988552,"kerrostalo, 23 m2 | 1h, kk, kph",1110.0,"Helsinki, Kantelettarentie 8",http://www.vuokraovi.com//vuokra-asunto/helsinki/kerrostalo/yksio/988552,60.24076909999999,24.8849373,Majoituspalvelu Forenom Oy,None,None
319718,"kerrostalo, 17 m2 | Omahuone, k, jaettu kph",998.0,"Espoo, Kuninkainen, Herttuantie 4",http://www.vuokraovi.com//vuokra-asunto/espoo/kuninkainen/kerrostalo/yksio/319718,60.22524749999999,24.7674515,Majoituspalvelu Forenom Oy,None,None
132478,"kerrostalo, 79 m2 | 4h, k, kph, s, 2wc, p, yhteise",2978.0,"Espoo, Tuomarila, Kulovalkeantie 4",http://www.vuokraovi.com//vuokra-asunto/espoo/tuomarila/kerrostalo/4h/132478,60.2092543,24.679118,Majoituspalvelu Forenom Oy,None,None
132330,"kerrostalo, 169 m2 | Unfurnished 5r, sauna",3200.0,"Helsinki, Kamppi, Yrjonkatu 34 A",http://www.vuokraovi.com//vuokra-asunto/helsinki/kamppi/kerrostalo/5h+/132330,60.16832780000001,24.9368744,Celine Oy Ab LKV AFM,None,None
117353,"kerrostalo, 33, 5 m2 | 2H+KK",906.0,"Helsinki, Kalasatama, Capellan puistotie 3 C",http://www.vuokraovi.com//vuokra-asunto/helsinki/kalasatama/kerrostalo/kaksio/117353,60.1842406,24.982403,Newsec Asset Management  Oy,None,None
132195,"kerrostalo, 13 m2 | 1h +jaettu kph ja keittio",780.0,"Helsinki, Vallila, Sturenkatu 27",http://www.vuokraovi.com//vuokra-asunto/helsinki/vallila/kerrostalo/yksio/132195,60.19372560000001,24.9557307,Vuokrahuone Vallila,None,None
132193,"kerrostalo, 5 m2 | 1h+ jaettu kph ja keittio",450.0,"Helsinki, Vallila, Sturenkatu 27",http://www.vuokraovi.com//vuokra-asunto/helsinki/vallila/kerrostalo/yksio/132193,60.19372560000001,24.9557307,Vuokrahuone Vallila,None,None
132152,"kerrostalo, 72 m2 | 3h, k, kph, wc, p",1920.0,"Espoo, Olari, Ellipsikuja 9",http://www.vuokraovi.com//vuokra-asunto/espoo/olari/kerrostalo/kolmio/132152,60.16917970000001,24.7305313,Majoituspalvelu Forenom Oy,None,None
939776,"kerrostalo, 20 m2 | 1h, kk, kph",1009.0,"Helsinki, Aleksis kiven katu 62",http://www.vuokraovi.com//vuokra-asunto/helsinki/kerrostalo/yksio/939776,60.1929764,24.9432874,Majoituspalvelu Forenom Oy,None,None
131889,"kerrostalo, 43 m2 | 2h, kk, kph, wc",1866.0,"Helsinki, Fredrikinkatu 30",http://www.vuokraovi.com//vuokra-asunto/helsinki/kerrostalo/kaksio/131889,60.1650436,24.9357809,Majoituspalvelu Forenom Oy,None,None
354600,"kerrostalo, 33 m2 | 1h, kph",1343.0,"Helsinki, Karjalankatu 14",http://www.vuokraovi.com//vuokra-asunto/helsinki/kerrostalo/yksio/354600,60.1934838,24.9400764,Agency info missing,None,None
130736,"kerrostalo, 13 m2 | Omahuone",796.0,"Espoo, Kivenlahti, Aallonhuippu 4",http://www.vuokraovi.com//vuokra-asunto/espoo/kivenlahti/kerrostalo/yksio/130736,60.1509698,24.6379218,Agency info missing,None,None
130315,"kerrostalo, 50, 5 m2 | 2h+kt+s+parveke",980.0,"Espoo, Matinkyla, Matinniitynkuja 3 B 60",http://www.vuokraovi.com//vuokra-asunto/espoo/matinkyla/kerrostalo/kaksio/130315,60.1598838,24.7443331,VSI-Kiinteistot Oy,None,None
129952,"kerrostalo, 51 m2 | 2h, ak, kph, s, wc, p, yhteise",1613.0,"Espoo, Leppavaara, Verajakallionkatu 3",http://www.vuokraovi.com//vuokra-asunto/espoo/leppavaara/kerrostalo/kaksio/129952,60.2271848,24.8109149,Majoituspalvelu Forenom Oy,None,None
972947,"kerrostalo, 56, 5 m2 | 2h+k+s",1412.0,"Helsinki, Tali, Kutomotie 8a",http://www.vuokraovi.com//vuokra-asunto/helsinki/tali/kerrostalo/kaksio/972947,60.2141236,24.8723259,SATO Vuokraus ja myynti / Helsinki,None,None
129639,"kerrostalo, 17 m2 | 1h, kph",1875.0,"Helsinki, Keskusta, Eerikinkatu 24",http://www.vuokraovi.com//vuokra-asunto/helsinki/keskusta/kerrostalo/yksio/129639,60.17332440000001,24.9410248,Majoituspalvelu Forenom Oy,None,None
965555,"kerrostalo, 46 m2 | 2h+kk+s",986.0,"Espoo, Matinkyla, Nelikkokuja 12",http://www.vuokraovi.com//vuokra-asunto/espoo/matinkyla/kerrostalo/kaksio/965555,60.16103339999999,24.7426137,SATO Vuokraus ja myynti / Helsinki,None,None
305829,"kerrostalo, 55, 5 m2 | 1h+tk+s",934.0,"Espoo, Tuomarila, Ratavallintie 8 A",http://www.vuokraovi.com//vuokra-asunto/espoo/tuomarila/kerrostalo/yksio/305829,60.2077609,24.6777738,Newsec Asset Management  Oy,None,None
128892,"rivitalo, 291 m2 | 5h+k+sauna/uima-allasosasto",5000.0,"Helsinki, Tammisalo, Vanhavayla 39 1",http://www.vuokraovi.com//vuokra-asunto/helsinki/tammisalo/rivitalo/5h+/128892,60.19016629999999,25.0489556,RE/MAX Tila,None,None
960924,"kerrostalo, 49 m2 | 2h+k",1173.0,"Helsinki, Etela-Haaga, Vanha viertotie 6",http://www.vuokraovi.com//vuokra-asunto/helsinki/etela-haaga/kerrostalo/kaksio/960924,60.20978359999999,24.8873299,SATO Vuokraus ja myynti / Helsinki,None,None
307777,"kerrostalo, 71 m2 | 3h+k",1384.0,"Helsinki, Etela-Haaga, Ansaritie 3",http://www.vuokraovi.com//vuokra-asunto/helsinki/etela-haaga/kerrostalo/kolmio/307777,60.2092079,24.8864386,SATO Vuokraus ja myynti / Helsinki,None,None
339018,"kerrostalo, 35, 5 m2 | 1h+kk",848.0,"Helsinki, Viikki, Nils Westermarckin kuja 18",http://www.vuokraovi.com//vuokra-asunto/helsinki/viikki/kerrostalo/yksio/339018,60.23042760000001,25.0450565,SATO Vuokraus ja myynti / Helsinki,None,None
473077,"kerrostalo, 51, 5 m2 | 2h+kt+s",1039.0,"Espoo, Matinkyla, Matinniitynkuja 8",http://www.vuokraovi.com//vuokra-asunto/espoo/matinkyla/kerrostalo/kaksio/473077,60.1594194,24.7429163,SATO Vuokraus ja myynti / Helsinki,None,None
128447,"kerrostalo, 28 m2 | 1h, kk, kph",1461.0,"Helsinki, Lauttasaari, Pajalahdentie 17",http://www.vuokraovi.com//vuokra-asunto/helsinki/lauttasaari/kerrostalo/yksio/128447,60.159333,24.8864192,Majoituspalvelu Forenom Oy,None,None
991672,"kerrostalo, 29 m2 | 1h, k",1211.0,"Helsinki, Lauttasaarentie 10",http://www.vuokraovi.com//vuokra-asunto/helsinki/kerrostalo/yksio/991672,60.1609241,24.8886877,Majoituspalvelu Forenom Oy,None,None
967467,"kerrostalo, 43 m2 | 2h, ak, kph",1971.0,"Helsinki, Tehtaankatu 13",http://www.vuokraovi.com//vuokra-asunto/helsinki/kerrostalo/kaksio/967467,60.1582963,24.9448597,Majoituspalvelu Forenom Oy,None,None
109954,"kerrostalo, 62 m2 | 2h+k+s",1297.0,"Espoo, Leppavaara, Rummunlyojankatu 11 D-E",http://www.vuokraovi.com//vuokra-asunto/espoo/leppavaara/kerrostalo/kaksio/109954,60.21903039999999,24.8052443,SATO Vuokraus ja myynti / Helsinki,None,None
447369,"kerrostalo, 25 m2 | 1h+kk",995.0,"Helsinki, Kaartinkaupunki, Kasarmikatu 10",http://www.vuokraovi.com//vuokra-asunto/helsinki/kaartinkaupunki/kerrostalo/yksio/447369,60.1609342,24.9482256,SATO Vuokraus ja myynti / Helsinki,None,None
126773,"kerrostalo, 14 m2 | Omahuone",796.0,"Espoo, Kivenlahti, Aallonhuippu 4",http://www.vuokraovi.com//vuokra-asunto/espoo/kivenlahti/kerrostalo/yksio/126773,60.1509698,24.6379218,Majoituspalvelu Forenom Oy,None,None
126775,"kerrostalo, 42 m2 | 2h, ak, wc",1870.0,"Helsinki, Pohjoisranta 8",http://www.vuokraovi.com//vuokra-asunto/helsinki/kerrostalo/kaksio/126775,60.1715937,24.9600565,Majoituspalvelu Forenom Oy,None,None
126106,"kerrostalo, 88 m2 | 3h+k",1795.0,"Helsinki, Kruununhaka, Snellmaninkatu 23",http://www.vuokraovi.com//vuokra-asunto/helsinki/kruununhaka/kerrostalo/kolmio/126106,60.17342730000001,24.9533623,SATO Vuokraus ja myynti / Helsinki,None,None
496925,"kerrostalo, 21 m2 | 1h, kph",1654.0,"Espoo, Kivenlahti, Tyrskyvuori 4",http://www.vuokraovi.com//vuokra-asunto/espoo/kivenlahti/kerrostalo/yksio/496925,60.1486793,24.6370734,Majoituspalvelu Forenom Oy,None,None
405409,"kerrostalo, 25 m2 | 1h, kk, kph",1156.0,"Helsinki, Suursuonlaita 2",http://www.vuokraovi.com//vuokra-asunto/helsinki/kerrostalo/yksio/405409,60.23424120000001,24.9366595,Majoituspalvelu Forenom Oy,None,None
124417,"kerrostalo, 74 m2 | 3h, ak, kph, s, p",2522.0,"Espoo, Olari, Piispanpiha 4",http://www.vuokraovi.com//vuokra-asunto/espoo/olari/kerrostalo/kolmio/124417,60.1644818,24.7341293,Majoituspalvelu Forenom Oy,None,None
124418,"kerrostalo, 53 m2 | 2h, kk, kph, s, wc, p",1610.0,"Espoo, Leppavaara, Ruusutorpantie 4",http://www.vuokraovi.com//vuokra-asunto/espoo/leppavaara/kerrostalo/kaksio/124418,60.2145994,24.8050342,Majoituspalvelu Forenom Oy,None,None
124419,"kerrostalo, 68 m2 | 3h, kk, wc, p",1819.0,"Espoo, Tapiola, Ukonvaaja 1",http://www.vuokraovi.com//vuokra-asunto/espoo/tapiola/kerrostalo/kolmio/124419,60.18513530000001,24.7935071,Majoituspalvelu Forenom Oy,None,None
123955,"kerrostalo, 38 m2 | 2H+KT",800.0,"Espoo, Suurpelto, Piilipuuntie 9 A",http://www.vuokraovi.com//vuokra-asunto/espoo/suurpelto/kerrostalo/kaksio/123955,60.1860489,24.739801,VVO-kotikeskus PKS,None,None
985923,"kerrostalo, 74 m2 | 3h+k+s",1257.0,"Helsinki, Pitajanmaki, Piispantie 7",http://www.vuokraovi.com//vuokra-asunto/helsinki/pitajanmaki/kerrostalo/kolmio/985923,60.2291068,24.8445763,SATO Vuokraus ja myynti / Helsinki,None,None
122651,"erillistalo, 234 m2 | VILLA; 5r, s, yard, GARAGE",2900.0,"Espoo, Kaitaa, Riilahdentie 45",http://www.vuokraovi.com//vuokra-asunto/espoo/kaitaa/erillistalo/5h+/122651,60.139106,24.6829813,Celine Oy Ab LKV AFM,None,None
122624,"kerrostalo, 44 m2 | 2 h, avok, kh, s",1200.0,"Espoo, Tapiola, Revontulentie 6",http://www.vuokraovi.com//vuokra-asunto/espoo/tapiola/kerrostalo/kaksio/122624,60.17092969999999,24.8068489,Paakaupunkiseutu Yksityisomistajien vuokra-asunnot,None,None
394793,"kerrostalo, 40 m2 | 2h+kk",1095.0,"Helsinki, Kaartinkaupunki, Kasarmikatu 10",http://www.vuokraovi.com//vuokra-asunto/helsinki/kaartinkaupunki/kerrostalo/kaksio/394793,60.1609342,24.9482256,SATO Vuokraus ja myynti / Helsinki,None,None
909111,"kerrostalo, 39 m2 | 1h, kk, kph",1277.0,"Espoo, Perkkaa, Everstinkuja 1",http://www.vuokraovi.com//vuokra-asunto/espoo/perkkaa/kerrostalo/yksio/909111,60.2127758,24.8227138,Agency info missing,None,None
122132,"kerrostalo, 47, 5 m2 | 2h, ak, kph, s, wc, p",2271.0,"Espoo, Matinkyla, Matinniitynkuja 3",http://www.vuokraovi.com//vuokra-asunto/espoo/matinkyla/kerrostalo/kaksio/122132,60.1598838,24.7443331,Majoituspalvelu Forenom Oy,None,None
332945,"kerrostalo, 35 m2 | 1h+k",975.0,"Helsinki, Kallio, Agricolankuja 8",http://www.vuokraovi.com//vuokra-asunto/helsinki/kallio/kerrostalo/yksio/332945,60.18512439999999,24.9540821,SATO Vuokraus ja myynti / Helsinki,None,None
315745,"kerrostalo, 38, 5 m2 | 1h+kt",863.0,"Espoo, Perkkaa, Perkkaantie 3 A",http://www.vuokraovi.com//vuokra-asunto/espoo/perkkaa/kerrostalo/yksio/315745,60.21709559999999,24.8214568,Newsec Asset Management  Oy,None,None
408720,"kerrostalo, 65, 5 m2 | 3H+K+S+P",1143.0,"Espoo, Leppavaara, RATSUKATU 4 A",http://www.vuokraovi.com//vuokra-asunto/espoo/leppavaara/kerrostalo/kolmio/408720,60.2177664,24.8073853,Newsec Asset Management  Oy,None,None
119691,"luhtitalo, 24 m2 | 1h+ak+kph+rp+v",670.0,"Espoo, Kauklahti, Bassenkylantie",http://www.vuokraovi.com//vuokra-asunto/espoo/kauklahti/luhtitalo/yksio/119691,60.2054911,24.6559001,ForenomDirect,None,None
341055,"kerrostalo, 89 m2 | 4h, k, kph, p",2567.0,"Helsinki, Pelimannintie 24",http://www.vuokraovi.com//vuokra-asunto/helsinki/kerrostalo/4h/341055,60.23602819999999,24.8758315,Majoituspalvelu Forenom Oy,None,None
976488,"kerrostalo, 59, 5 m2 | 2h+k",1220.0,"Helsinki, Pikku Huopalahti, Tilkankatu 15",http://www.vuokraovi.com//vuokra-asunto/helsinki/pikku+huopalahti/kerrostalo/kaksio/976488,60.20252499999999,24.8945636,SATO Vuokraus ja myynti / Helsinki,None,None
474142,"kerrostalo, 40 m2 | 2h+kk+s",999.0,"Espoo, Leppavaara, Rummunlyojankatu 11 D-E",http://www.vuokraovi.com//vuokra-asunto/espoo/leppavaara/kerrostalo/kaksio/474142,60.21903039999999,24.8052443,SATO Vuokraus ja myynti / Helsinki,None,None
496628,"kerrostalo, 40 m2 | 2h+k",967.0,"Espoo, Tapiola, Jousenkaari 5",http://www.vuokraovi.com//vuokra-asunto/espoo/tapiola/kerrostalo/kaksio/496628,60.17460819999999,24.7874221,SATO Vuokraus ja myynti / Helsinki,None,None
438144,"kerrostalo, 62 m2 | 2h+k",972.0,"Espoo, Laajalahti, Heinjoenpolku 2 P-Y",http://www.vuokraovi.com//vuokra-asunto/espoo/laajalahti/kerrostalo/kaksio/438144,60.2035545,24.802476,SATO Vuokraus ja myynti / Helsinki,None,None
102084,"kerrostalo, 29 m2 | 1h+kk",871.0,"Helsinki, Etela-Haaga, Ansaritie 2-4",http://www.vuokraovi.com//vuokra-asunto/helsinki/etela-haaga/kerrostalo/yksio/102084,60.2087527,24.8861922,SATO Vuokraus ja myynti / Helsinki,None,None
109369,"kerrostalo, 47, 5 m2 | 2h+kk",850.0,"Espoo, Laajalahti, Heinjoenpolku 2 P-Y",http://www.vuokraovi.com//vuokra-asunto/espoo/laajalahti/kerrostalo/kaksio/109369,60.2035545,24.802476,Agency info missing,None,None
118773,"kerrostalo, 58, 5 m2 | 2h+k",1079.0,"Helsinki, Itakeskus, Kauppakartanonkatu 17",http://www.vuokraovi.com//vuokra-asunto/helsinki/itakeskus/kerrostalo/kaksio/118773,60.2067176,25.0775961,SATO Vuokraus ja myynti / Helsinki,None,None
118786,"kerrostalo, 50, 5 m2 | 2h+k+s",951.0,"Espoo, Kilo, Lansantie 3",http://www.vuokraovi.com//vuokra-asunto/espoo/kilo/kerrostalo/kaksio/118786,60.2163672,24.7734591,SATO Vuokraus ja myynti / Helsinki,None,None
984729,"kerrostalo, 71 m2 | 3h+k+s",1113.0,"Espoo, Tuomarila, Kulovalkeantie 17 B",http://www.vuokraovi.com//vuokra-asunto/espoo/tuomarila/kerrostalo/kolmio/984729,60.20681029999999,24.6845271,Newsec Asset Management  Oy,None,None
313373,"kerrostalo, 8 m2 | Omahuone",731.0,"Helsinki, Eerikinkatu 14",http://www.vuokraovi.com//vuokra-asunto/helsinki/kerrostalo/yksio/313373,60.1668561,24.9345788,Majoituspalvelu Forenom Oy,None,None
330198,"kerrostalo, 58, 5 m2 | 2H+K+P",978.0,"Helsinki, Herttoniemi, KERTTULINKUJA 3 C",http://www.vuokraovi.com//vuokra-asunto/helsinki/herttoniemi/kerrostalo/kaksio/330198,60.18961189999999,25.0391968,Newsec Asset Management  Oy,None,None
405841,"kerrostalo, 52 m2 | 2h+kk",1250.0,"Helsinki, Kruununhaka, Snellmaninkatu 23",http://www.vuokraovi.com//vuokra-asunto/helsinki/kruununhaka/kerrostalo/kaksio/405841,60.17342730000001,24.9533623,SATO Vuokraus ja myynti / Helsinki,None,None
437890,"kerrostalo, 59 m2 | 2h+k",930.0,"Espoo, Kauklahti, Hansatie 4",http://www.vuokraovi.com//vuokra-asunto/espoo/kauklahti/kerrostalo/kaksio/437890,60.1863493,24.589778,SATO Vuokraus ja myynti / Helsinki,None,None
117372,"kerrostalo, 45 m2 | 2h, k, kph, wc, p",1860.0,"Espoo, Tapiola, Aarnivalkeantie 5",http://www.vuokraovi.com//vuokra-asunto/espoo/tapiola/kerrostalo/kaksio/117372,60.1821302,24.8039078,Majoituspalvelu Forenom Oy,None,None
117377,"kerrostalo, 52 m2 | 2h, ak, kph, s, wc, p",1836.0,"Espoo, Kilo, Kilonpuisto 2",http://www.vuokraovi.com//vuokra-asunto/espoo/kilo/kerrostalo/kaksio/117377,60.2169931,24.7891167,Majoituspalvelu Forenom Oy,None,None
432090,"kerrostalo, 60, 5 m2 | 2h+k",980.0,"Espoo, Laajalahti, Kirvuntie 18 C-D",http://www.vuokraovi.com//vuokra-asunto/espoo/laajalahti/kerrostalo/kaksio/432090,60.2029514,24.804216,SATO Vuokraus ja myynti / Helsinki,None,None
974104,"kerrostalo, 49 m2 | 2h+kk",891.0,"Espoo, Karakallio, Kotkatie 6",http://www.vuokraovi.com//vuokra-asunto/espoo/karakallio/kerrostalo/kaksio/974104,60.2300434,24.7621844,SATO Vuokraus ja myynti / Helsinki,None,None
961641,"kerrostalo, 51 m2 | 2h+kk",925.0,"Helsinki, Pitajanmaki, Piispantie 5",http://www.vuokraovi.com//vuokra-asunto/helsinki/pitajanmaki/kerrostalo/kaksio/961641,60.2296217,24.844869,SATO Vuokraus ja myynti / Helsinki,None,None
116363,"kerrostalo, 50 m2 | FURNISHED 2 rooms, balcony",1485.0,"Helsinki, Katajanokka, Kauppiaankatu 13 C",http://www.vuokraovi.com//vuokra-asunto/helsinki/katajanokka/kerrostalo/kaksio/116363,60.16721,24.9680453,Celine Oy Ab LKV AFM,None,None
116025,"kerrostalo, 8 m2 | Omahuone",648.0,"Espoo, Kivenlahti, Aallonhuippu 4",http://www.vuokraovi.com//vuokra-asunto/espoo/kivenlahti/kerrostalo/yksio/116025,60.1509698,24.6379218,Majoituspalvelu Forenom Oy,None,None
115933,"kerrostalo, 78 m2 | 3h, k, kph, wc, p",1769.0,"Espoo, Kivenlahti, Aallonhuippu 12",http://www.vuokraovi.com//vuokra-asunto/espoo/kivenlahti/kerrostalo/kolmio/115933,60.1523086,24.6395818,Majoituspalvelu Forenom Oy,None,None
115692,"kerrostalo, 66, 5 m2 | 3 h + kk + s",1280.0,"Espoo, Makkyla, Adjutantinkatu 3",http://www.vuokraovi.com//vuokra-asunto/espoo/makkyla/kerrostalo/kolmio/115692,60.22170629999999,24.8348804,Paakaupunkiseutu Suuromistajien vuokra-asunnot,None,None
486090,"kerrostalo, 77 m2 | 3h, k, kph",2528.0,"Helsinki, Laivanvarustajankatu 5",http://www.vuokraovi.com//vuokra-asunto/helsinki/kerrostalo/kolmio/486090,60.1565746,24.9480842,Majoituspalvelu Forenom Oy,None,None
115142,"kerrostalo, 87 m2 | 2h, kk, kph, wc",4301.0,"Helsinki, Uudenmaankatu 13",http://www.vuokraovi.com//vuokra-asunto/helsinki/kerrostalo/kaksio/115142,60.1646696,24.9410376,Agency info missing,None,None
465650,"kerrostalo, 88 m2 | 4h+k+s",1891.0,"Helsinki, Viikinranta, Jokisuuntie 7",http://www.vuokraovi.com//vuokra-asunto/helsinki/viikinranta/kerrostalo/4h/465650,60.218166,24.9876231,SATO Vuokraus ja myynti / Helsinki,None,None
470074,"kerrostalo, 57 m2 | 2H+K",947.0,"Espoo, Suurpelto, Piilipuuntie 7",http://www.vuokraovi.com//vuokra-asunto/espoo/suurpelto/kerrostalo/kaksio/470074,60.1856636,24.7400125,VVO-kotikeskus PKS,None,None
967345,"kerrostalo, 34 m2 | 1h+k",930.0,"Helsinki, Kallio, Agricolankuja 8",http://www.vuokraovi.com//vuokra-asunto/helsinki/kallio/kerrostalo/yksio/967345,60.18512439999999,24.9540821,SATO Vuokraus ja myynti / Helsinki,None,None
316334,"kerrostalo, 53 m2 | 2h, k, wc",2690.0,"Helsinki, Albertinkatu 31",http://www.vuokraovi.com//vuokra-asunto/helsinki/kerrostalo/kaksio/316334,60.16509790000001,24.9324138,Majoituspalvelu Forenom Oy,None,None
912029,"kerrostalo, 20 m2 | 1h, tk, kph",1110.0,"Helsinki, Torkkelinkatu 2",http://www.vuokraovi.com//vuokra-asunto/helsinki/kerrostalo/yksio/912029,60.18598,24.9605503,Majoituspalvelu Forenom Oy,None,None
457493,"kerrostalo, 27 m2 | 1h, kk, kph",1262.0,"Helsinki, Hiihtomaentie 33",http://www.vuokraovi.com//vuokra-asunto/helsinki/kerrostalo/yksio/457493,60.2029936,25.0325467,Majoituspalvelu Forenom Oy,None,None
413746,"kerrostalo, 51 m2 | 2h+kk",1250.0,"Helsinki, Kruununhaka, Snellmaninkatu 23",http://www.vuokraovi.com//vuokra-asunto/helsinki/kruununhaka/kerrostalo/kaksio/413746,60.17342730000001,24.9533623,SATO Vuokraus ja myynti / Helsinki,None,None
432093,"kerrostalo, 73 m2 | 3h+k+s",1595.0,"Helsinki, Tali, Kutomotie 8a",http://www.vuokraovi.com//vuokra-asunto/helsinki/tali/kerrostalo/kolmio/432093,60.2141236,24.8723259,SATO Vuokraus ja myynti / Helsinki,None,None
442032,"kerrostalo, 51, 4 m2 | 2h+k",968.0,"Espoo, Viherlaakso, Viherlaaksonranta 7",http://www.vuokraovi.com//vuokra-asunto/espoo/viherlaakso/kerrostalo/kaksio/442032,60.2274256,24.7297316,SATO Vuokraus ja myynti / Helsinki,None,None
444279,"kerrostalo, 59 m2 | 2h+k",1178.0,"Helsinki, Pajamaki, Pajamaentie 6",http://www.vuokraovi.com//vuokra-asunto/helsinki/pajamaki/kerrostalo/kaksio/444279,60.2187807,24.85672,SATO Vuokraus ja myynti / Helsinki,None,None
111431,"kerrostalo, 25 m2 | 1h, kph",1875.0,"Helsinki, Keskusta, Eerikinkatu 24",http://www.vuokraovi.com//vuokra-asunto/helsinki/keskusta/kerrostalo/yksio/111431,60.17332440000001,24.9410248,Majoituspalvelu Forenom Oy,None,None
111432,"kerrostalo, 24 m2 | 1h, kph",1875.0,"Helsinki, Keskusta, Eerikinkatu 24",http://www.vuokraovi.com//vuokra-asunto/helsinki/keskusta/kerrostalo/yksio/111432,60.17332440000001,24.9410248,Majoituspalvelu Forenom Oy,None,None
111433,"kerrostalo, 26 m2 | 1h, kph",1875.0,"Helsinki, Keskusta, Eerikinkatu 24",http://www.vuokraovi.com//vuokra-asunto/helsinki/keskusta/kerrostalo/yksio/111433,60.17332440000001,24.9410248,Majoituspalvelu Forenom Oy,None,None
495269,"autohallipaikka, 0 m2 | Autohallipaikka",110.0,"Helsinki, Hakaniemi, Nakinkuja 6",http://www.vuokraovi.com//vuokra-asunto/helsinki/hakaniemi/autohallipaikka/yksio/495269,60.17332440000001,24.9410248,Suomen Laatuasunnot Oy,None,None
996824,"kerrostalo, 44 m2 | 2h+kk",985.0,"Helsinki, Vallila, Sturenkatu 47",http://www.vuokraovi.com//vuokra-asunto/helsinki/vallila/kerrostalo/kaksio/996824,60.1963214,24.9609605,SATO Vuokraus ja myynti / Helsinki,None,None
109368,"kerrostalo, 46, 5 m2 | 2h+kk+s",957.0,"Helsinki, Vuosaari, Leikosaarentie 11",http://www.vuokraovi.com//vuokra-asunto/helsinki/vuosaari/kerrostalo/kaksio/109368,60.20293410000001,25.1402082,SATO Vuokraus ja myynti / Helsinki,None,None
108880,"kerrostalo, 52, 5 m2 | 1h+k+s",1448.0,"Helsinki, Kamppi, Lonnrotinkatu 32",http://www.vuokraovi.com//vuokra-asunto/helsinki/kamppi/kerrostalo/yksio/108880,60.163529,24.9306802,SATO Vuokraus ja myynti / Helsinki,None,None
392444,"kerrostalo, 44 m2 | 2h, k, kph, wc, p",1414.0,"Helsinki, Untuvaisentie 7a A8",http://www.vuokraovi.com//vuokra-asunto/helsinki/kerrostalo/kaksio/392444,60.1993411,25.0613732,Majoituspalvelu Forenom Oy,None,None
107737,"kerrostalo, 72 m2 | 3h, k, kph, wc, p",1718.0,"Espoo, Karakallio, Karakalliontie 3",http://www.vuokraovi.com//vuokra-asunto/espoo/karakallio/kerrostalo/kolmio/107737,60.2278845,24.761472,Majoituspalvelu Forenom Oy,None,None
368646,"kerrostalo, 80 m2 | 3h+k+s",1739.0,"Helsinki, Aurinkolahti, Aurinkotuulenkatu 20",http://www.vuokraovi.com//vuokra-asunto/helsinki/aurinkolahti/kerrostalo/kolmio/368646,60.2038758,25.1591189,SATO Vuokraus ja myynti / Helsinki,None,None
464805,"kerrostalo, 14 m2 | 1h",1547.0,"Helsinki, Herttoniemi, Hitsaajankatu 12",http://www.vuokraovi.com//vuokra-asunto/helsinki/herttoniemi/kerrostalo/yksio/464805,60.19279969999999,25.0295647,Majoituspalvelu Forenom Oy,None,None
309597,"kerrostalo, 45, 5 m2 | 2h+kk+s",1015.0,"Espoo, Niittymaa, Malmiportti 4",http://www.vuokraovi.com//vuokra-asunto/espoo/niittymaa/kerrostalo/kaksio/309597,60.2054911,24.6559001,SATO Vuokraus ja myynti / Helsinki,None,None
367920,"kerrostalo, 76 m2 | 3h+k+s",1460.0,"Helsinki, Viikki, Nils Westermarckin kuja 18",http://www.vuokraovi.com//vuokra-asunto/helsinki/viikki/kerrostalo/kolmio/367920,60.23042760000001,25.0450565,SATO Vuokraus ja myynti / Helsinki,None,None
943762,"kerrostalo, 48 m2 | 2h+kk+s",1075.0,"Espoo, Vallikallio, Porarinkatu 2",http://www.vuokraovi.com//vuokra-asunto/espoo/vallikallio/kerrostalo/kaksio/943762,60.22495259999999,24.8210892,SATO Vuokraus ja myynti / Helsinki,None,None
104287,"omakotitalo, 186 m2 | 4-5, avok, rt, spa-osasto, ter",2000.0,"Espoo, Pakaasiranta 2",http://www.vuokraovi.com//vuokra-asunto/espoo/omakotitalo/4h/104287,60.16543600000001,24.5965672,Kiinteistonvalitysliike Asuntotuomarit Oy,None,None
326928,"kerrostalo, 41 m2 | 1h, kk, kph, p",1819.0,"Helsinki, Bulevardi 54",http://www.vuokraovi.com//vuokra-asunto/helsinki/kerrostalo/yksio/326928,60.16194959999999,24.9306993,Majoituspalvelu Forenom Oy,None,None
332888,"kerrostalo, 47 m2 | 2h+kk",1066.0,"Helsinki, Pikku Huopalahti, Tilkankatu 6",http://www.vuokraovi.com//vuokra-asunto/helsinki/pikku+huopalahti/kerrostalo/kaksio/332888,60.2030751,24.8942589,SATO Vuokraus ja myynti / Helsinki,None,None
967620,"kerrostalo, 51 m2 | 2h+kk+s",979.0,"Helsinki, Pitajanmaki, Piispantie 5",http://www.vuokraovi.com//vuokra-asunto/helsinki/pitajanmaki/kerrostalo/kaksio/967620,60.2296217,24.844869,SATO Vuokraus ja myynti / Helsinki,None,None
458222,"kerrostalo, 61, 2 m2 | 2h+k",915.0,"Espoo, Laajalahti, Kirvuntie 18 A-B",http://www.vuokraovi.com//vuokra-asunto/espoo/laajalahti/kerrostalo/kaksio/458222,60.2029514,24.804216,SATO Vuokraus ja myynti / Helsinki,None,None
414708,"kerrostalo, 59 m2 | 2h+k",926.0,"Espoo, Kauklahti, Hansatie 4",http://www.vuokraovi.com//vuokra-asunto/espoo/kauklahti/kerrostalo/kaksio/414708,60.1863493,24.589778,SATO Vuokraus ja myynti / Helsinki,None,None
101153,"kerrostalo, 22 m2 | 1h, ak, kph",1060.0,"Helsinki, Pakilantie 50",http://www.vuokraovi.com//vuokra-asunto/helsinki/kerrostalo/yksio/101153,60.2371622,24.9286957,Majoituspalvelu Forenom Oy,None,None
100842,"kerrostalo, 56 m2 | 2h, kk, kph, p",1606.0,"Espoo, Suvikuja 3",http://www.vuokraovi.com//vuokra-asunto/espoo/kerrostalo/kaksio/100842,60.17261209999999,24.7892972,Majoituspalvelu Forenom Oy,None,None
421868,"kerrostalo, 44, 5 m2 | 2h+kk",1176.0,"Helsinki, Aurinkolahti, Myrskykuja 1",http://www.vuokraovi.com//vuokra-asunto/helsinki/aurinkolahti/kerrostalo/kaksio/421868,60.2044642,25.1592876,SATO Vuokraus ja myynti / Helsinki,None,None
100563,"rivitalo, 73 m2 | 3H+K+S",1230.0,"Espoo, Vanttila, Mesimaki 10",http://www.vuokraovi.com//vuokra-asunto/espoo/vanttila/rivitalo/kolmio/100563,60.18606089999999,24.6177959,Asokodit,None,None
961002,"kerrostalo, 59 m2 | 2h+k",1140.0,"Helsinki, Puotila, Juorumaenkuja 5",http://www.vuokraovi.com//vuokra-asunto/helsinki/puotila/kerrostalo/kaksio/961002,60.20894569999999,25.1037493,SATO Vuokraus ja myynti / Helsinki,None,None
100488,"kerrostalo, 49 m2 | 2h+k+s",975.0,"Espoo, Kilo, Vanharaide 1",http://www.vuokraovi.com//vuokra-asunto/espoo/kilo/kerrostalo/kaksio/100488,60.2173928,24.7822436,SATO Vuokraus ja myynti / Helsinki,None,None
325663,"kerrostalo, 33 m2 | 1h, kk, kph, wc",1257.0,"Espoo, Tapiola, Mantyviita 4",http://www.vuokraovi.com//vuokra-asunto/espoo/tapiola/kerrostalo/yksio/325663,60.17898210000001,24.811951,Majoituspalvelu Forenom Oy,None,None
449949,"kerrostalo, 63 m2 | 3h, k, kph",2675.0,"Helsinki, Kamppi, Fredrikinkatu 58",http://www.vuokraovi.com//vuokra-asunto/helsinki/kamppi/kerrostalo/kolmio/449949,60.1705267,24.9282558,Majoituspalvelu Forenom Oy,None,None
493534,"rivitalo, 23 m2 | 1h, ak, kph",1360.0,"Espoo, Muurala, Vanha Muuralantie 2",http://www.vuokraovi.com//vuokra-asunto/espoo/muurala/rivitalo/yksio/493534,60.2120159,24.6427379,Majoituspalvelu Forenom Oy,None,None
435876,"kerrostalo, 61 m2 | 2h + k + parveke",1071.5,"Espoo, Suurpelto, Piilipuuntie 1 B",http://www.vuokraovi.com//vuokra-asunto/espoo/suurpelto/kerrostalo/kaksio/435876,60.1850196,24.7397957,Asuntosaatio,None,None
434606,"kerrostalo, 60 m2 | 2h + k + s + parveke",1039.46,"Espoo, Tuomarila, Kulovalkeantie 14 B",http://www.vuokraovi.com//vuokra-asunto/espoo/tuomarila/kerrostalo/kaksio/434606,60.20669799999999,24.6819757,Asuntosaatio,None,None
485201,"kerrostalo, 51, 5 m2 | 2h+kt+s+p",1007.0,"Espoo, Soukka, Kilvoituksentie 3 A",http://www.vuokraovi.com//vuokra-asunto/espoo/soukka/kerrostalo/kaksio/485201,60.2054911,24.6559001,Newsec Asset Management  Oy,None,None
427684,"kerrostalo, 48, 5 m2 | 2h+k+s",975.0,"Espoo, Kilo, Vanharaide 1",http://www.vuokraovi.com//vuokra-asunto/espoo/kilo/kerrostalo/kaksio/427684,60.2173928,24.7822436,SATO Vuokraus ja myynti / Helsinki,None,None
418258,"rivitalo, 74 m2 | 3h+k+s",1365.0,"Espoo, Lintuvaara, Lintukorvenkuja 1",http://www.vuokraovi.com//vuokra-asunto/espoo/lintuvaara/rivitalo/kolmio/418258,60.2310777,24.8045724,SATO Vuokraus ja myynti / Helsinki,None,None
417145,"kerrostalo, 57, 5 m2 | 2H+KK+S+P",1145.0,"Helsinki, Aurinkolahti, Kauniinilmankuja 5 A",http://www.vuokraovi.com//vuokra-asunto/helsinki/aurinkolahti/kerrostalo/kaksio/417145,60.20824440000001,25.1601591,Newsec Asset Management  Oy,None,None
498881,"rivitalo, 85 m2 | 3H+K+S",1190.0,"Espoo, Jouppi, Joupinmaensyrja 3",http://www.vuokraovi.com//vuokra-asunto/espoo/jouppi/rivitalo/kolmio/498881,60.2054911,24.6559001,Asokodit,None,None
305865,"kerrostalo, 94 m2 | 4h+kt+s",1360.0,"Espoo, Tuomarila, Ratavallintie 8 A",http://www.vuokraovi.com//vuokra-asunto/espoo/tuomarila/kerrostalo/4h/305865,60.2077609,24.6777738,Newsec Asset Management  Oy,None,None
389582,"kerrostalo, 40 m2 | 2h+k",975.0,"Espoo, Tapiola, Jousenkaari 5",http://www.vuokraovi.com//vuokra-asunto/espoo/tapiola/kerrostalo/kaksio/389582,60.17460819999999,24.7874221,SATO Vuokraus ja myynti / Helsinki,None,None
924750,"kerrostalo, 32 m2 | 2h+kk",980.0,"Helsinki, Kruununhaka, Maneesikatu 8, Mariankatu 21",http://www.vuokraovi.com//vuokra-asunto/helsinki/kruununhaka/kerrostalo/kaksio/924750,60.1732167,24.9568573,SATO Vuokraus ja myynti / Helsinki,None,None
411126,"kerrostalo, 40 m2 | 2h+k",971.0,"Espoo, Tapiola, Jousenkaari 5",http://www.vuokraovi.com//vuokra-asunto/espoo/tapiola/kerrostalo/kaksio/411126,60.17460819999999,24.7874221,SATO Vuokraus ja myynti / Helsinki,None,None
313299,"kerrostalo, 22 m2 | 1h, kk",1005.0,"Helsinki, Huovitie 7",http://www.vuokraovi.com//vuokra-asunto/helsinki/kerrostalo/yksio/313299,60.2221468,24.9031401,Majoituspalvelu Forenom Oy,None,None
904790,"kerrostalo, 22 m2 | 1h, kk, kph",1110.0,"Helsinki, Konala, Kolsarinkuja 4",http://www.vuokraovi.com//vuokra-asunto/helsinki/konala/kerrostalo/yksio/904790,60.23600579999999,24.8526272,Majoituspalvelu Forenom Oy,None,None
311005,"kerrostalo, 52 m2 | 2h+k",1098.0,"Helsinki, Etela-Haaga, Ruusutarhantie 4",http://www.vuokraovi.com//vuokra-asunto/helsinki/etela-haaga/kerrostalo/kaksio/311005,60.20808330000001,24.8867122,SATO Vuokraus ja myynti / Helsinki,None,None
912854,"kerrostalo, 61, 5 m2 | 2h+k",1013.0,"Espoo, Olari, Kuunsirppi 6",http://www.vuokraovi.com//vuokra-asunto/espoo/olari/kerrostalo/kaksio/912854,60.1729043,24.7240647,SATO Vuokraus ja myynti / Helsinki,None,None
489171,"kerrostalo, 86 m2 | 4h, ak, kph, s, 2wc",3287.0,"Helsinki, Leonkatu 17",http://www.vuokraovi.com//vuokra-asunto/helsinki/kerrostalo/4h/489171,60.1853988,24.9807951,Majoituspalvelu Forenom Oy,None,None
484383,"kerrostalo, 46, 5 m2 | 2H+KK+P",905.0,"Helsinki, Herttoniemi, KERTTULINKUJA 3 D",http://www.vuokraovi.com//vuokra-asunto/helsinki/herttoniemi/kerrostalo/kaksio/484383,60.18961189999999,25.0391968,Newsec Asset Management  Oy,None,None
486852,"kerrostalo, 55 m2 | 2h, k, kph, s, p",1610.0,"Espoo, Leppavaara, Ruusutorpantie 4",http://www.vuokraovi.com//vuokra-asunto/espoo/leppavaara/kerrostalo/kaksio/486852,60.2145994,24.8050342,Majoituspalvelu Forenom Oy,None,None
486228,"kerrostalo, 92 m2 | FURNISHED 3r, kitchen",4000.0,"Helsinki, Katajanokka, Pormestarinrinne 2",http://www.vuokraovi.com//vuokra-asunto/helsinki/katajanokka/kerrostalo/kolmio/486228,60.16876709999999,24.9607989,Celine Oy Ab LKV AFM,None,None
977497,"kerrostalo, 36 m2 | 1h, k",1258.0,"Helsinki, Vilhonvuorenkatu 5",http://www.vuokraovi.com//vuokra-asunto/helsinki/kerrostalo/yksio/977497,60.1873584,24.9647486,Majoituspalvelu Forenom Oy,None,None
977546,"kerrostalo, 20 m2 | 1h, kk, kph",1161.0,"Helsinki, Isonnevantie 6",http://www.vuokraovi.com//vuokra-asunto/helsinki/kerrostalo/yksio/977546,60.21121239999999,24.8898865,Majoituspalvelu Forenom Oy,None,None
977593,"kerrostalo, 74 m2 | 3h, k, wc",1870.0,"Espoo, Espoon keskus, Kaivomestarinkatu 6",http://www.vuokraovi.com//vuokra-asunto/espoo/espoon+keskus/kerrostalo/kolmio/977593,60.2088704,24.6621625,Majoituspalvelu Forenom Oy,None,None
977658,"kerrostalo, 54 m2 | 2h, k, wc",1613.0,"Espoo, Lukionahde 5",http://www.vuokraovi.com//vuokra-asunto/espoo/kerrostalo/kaksio/977658,60.2289738,24.7364419,Majoituspalvelu Forenom Oy,None,None
977668,"omakotitalo, 30 m2 | 1h",1004.0,"Espoo, Kottaraisentie 7",http://www.vuokraovi.com//vuokra-asunto/espoo/omakotitalo/yksio/977668,60.23563470000001,24.8090267,Majoituspalvelu Forenom Oy,None,None
980621,"kerrostalo, 21 m2 | 1h, k",1208.0,"Helsinki, Pihlajatie 31",http://www.vuokraovi.com//vuokra-asunto/helsinki/kerrostalo/yksio/980621,60.1946786,24.9005575,Majoituspalvelu Forenom Oy,None,None
985217,"kerrostalo, 37 m2 | 2h, kk, kph",1364.0,"Helsinki, Pikalahetintie 14",http://www.vuokraovi.com//vuokra-asunto/helsinki/kerrostalo/kaksio/985217,60.22787770000001,24.9522969,Majoituspalvelu Forenom Oy,None,None
986197,"kerrostalo, 43 m2 | 2h, k, kph, s, p",1718.0,"Helsinki, Rahakamarinportti 2",http://www.vuokraovi.com//vuokra-asunto/helsinki/kerrostalo/kaksio/986197,60.2020184,24.9200778,Majoituspalvelu Forenom Oy,None,None
991663,"kerrostalo, 42 m2 | 2h, k, kph, wc, p",1969.0,"Espoo, Leppavaara, Leppavaarankatu 7",http://www.vuokraovi.com//vuokra-asunto/espoo/leppavaara/kerrostalo/kaksio/991663,60.2171101,24.8102652,Majoituspalvelu Forenom Oy,None,None
996255,"kerrostalo, 33 m2 | 1h, kk",1110.0,"Helsinki, Jalopeurantie 1",http://www.vuokraovi.com//vuokra-asunto/helsinki/kerrostalo/yksio/996255,60.2755082,24.989647,Majoituspalvelu Forenom Oy,None,None
324787,"kerrostalo, 35 m2 | 1h, k, kph",1211.0,"Helsinki, Ratamestarinkatu 13",http://www.vuokraovi.com//vuokra-asunto/helsinki/kerrostalo/yksio/324787,60.2020104,24.938856,Majoituspalvelu Forenom Oy,None,None
325453,"kerrostalo, 27 m2 | 1h, kk",1009.0,"Helsinki, Hameentie 14",http://www.vuokraovi.com//vuokra-asunto/helsinki/kerrostalo/yksio/325453,60.18157009999999,24.9541065,Majoituspalvelu Forenom Oy,None,None
341054,"kerrostalo, 74 m2 | 3h, k, kph, s, wc, p",2528.0,"Espoo, Lippajarvi, Vanha Turuntie 45",http://www.vuokraovi.com//vuokra-asunto/espoo/lippajarvi/kerrostalo/kolmio/341054,60.2230354,24.7049512,Majoituspalvelu Forenom Oy,None,None
341185,"kerrostalo, 43 m2 | 2h, k, wc",1414.0,"Helsinki, Kaarenjalka 4",http://www.vuokraovi.com//vuokra-asunto/helsinki/kerrostalo/kaksio/341185,60.23804929999999,25.0763997,Majoituspalvelu Forenom Oy,None,None
366272,"kerrostalo, 30 m2 | 1h, kk, kph",1208.0,"Helsinki, Herttoniemi, Hiihtomaentie 38",http://www.vuokraovi.com//vuokra-asunto/helsinki/herttoniemi/kerrostalo/yksio/366272,60.20472840000001,25.0334796,Majoituspalvelu Forenom Oy,None,None
368544,"kerrostalo, 55 m2 | 2h, k, kph",1617.0,"Helsinki, Tyynelankuja 2",http://www.vuokraovi.com//vuokra-asunto/helsinki/kerrostalo/kaksio/368544,60.2529491,24.9939054,Majoituspalvelu Forenom Oy,None,None
370317,"kerrostalo, 55 m2 | 2h, k, kph, p",1313.0,"Helsinki, Korsholmantie 6",http://www.vuokraovi.com//vuokra-asunto/helsinki/kerrostalo/kaksio/370317,60.21514519999999,25.0824027,Majoituspalvelu Forenom Oy,None,None
379803,"kerrostalo, 59, 5 m2 | 3h, k, kph, s, wc",2522.0,"Helsinki, Taiteentekijantie 8",http://www.vuokraovi.com//vuokra-asunto/helsinki/kerrostalo/kolmio/379803,60.20749840000001,24.858161,Majoituspalvelu Forenom Oy,None,None
392214,"kerrostalo, 69, 5 m2 | 3h, k, wc",2116.0,"Espoo, Leppavaara, Kyyhkysmaki 16",http://www.vuokraovi.com//vuokra-asunto/espoo/leppavaara/kerrostalo/kolmio/392214,60.22838160000001,24.8082397,Majoituspalvelu Forenom Oy,None,None
912679,"kerrostalo, 29, 5 m2 | 1h, kk, p",1161.0,"Helsinki, Rusthollinpolku 6",http://www.vuokraovi.com//vuokra-asunto/helsinki/kerrostalo/yksio/912679,60.2113598,25.0907379,Majoituspalvelu Forenom Oy,None,None
940980,"kerrostalo, 55 m2 | 2h, k, kph, p",1459.0,"Helsinki, Vuosaari, Neitsytsaarentie 3",http://www.vuokraovi.com//vuokra-asunto/helsinki/vuosaari/kerrostalo/kaksio/940980,60.2222647,25.1389356,Majoituspalvelu Forenom Oy,None,None
945662,"kerrostalo, 43 m2 | 2h, k, kph, wc",1461.0,"Helsinki, Luutnantintie 3",http://www.vuokraovi.com//vuokra-asunto/helsinki/kerrostalo/kaksio/945662,60.248621,24.8646033,Majoituspalvelu Forenom Oy,None,None
954590,"kerrostalo, 44 m2 | 2h, k, kph, p",1908.0,"Helsinki, Radiokatu 13",http://www.vuokraovi.com//vuokra-asunto/helsinki/kerrostalo/kaksio/954590,60.2033283,24.919438,Majoituspalvelu Forenom Oy,None,None
970905,"kerrostalo, 27 m2 | 1h, kk, kph",1283.0,"Espoo, Karakallio, Kalasaaksentie 3",http://www.vuokraovi.com//vuokra-asunto/espoo/karakallio/kerrostalo/yksio/970905,60.23173979999999,24.7725258,Majoituspalvelu Forenom Oy,None,None
314212,"kerrostalo, 24 m2 | 1h, kk, kph, p",1110.0,"Helsinki, Koirasaarenrinne 3",http://www.vuokraovi.com//vuokra-asunto/helsinki/kerrostalo/yksio/314212,60.17578700000001,25.0456399,Majoituspalvelu Forenom Oy,None,None
346307,"kerrostalo, 91 m2 | 3h, tk, kph",2832.0,"Helsinki, Mariankatu 26",http://www.vuokraovi.com//vuokra-asunto/helsinki/kerrostalo/kolmio/346307,60.17350829999999,24.95617,Majoituspalvelu Forenom Oy,None,None
354521,"kerrostalo, 59 m2 | 2h, k, kph, wc, p",1617.0,"Espoo, Laajalahti, Heinjoenpolku 1",http://www.vuokraovi.com//vuokra-asunto/espoo/laajalahti/kerrostalo/kaksio/354521,60.2037305,24.8024047,Majoituspalvelu Forenom Oy,None,None
388226,"kerrostalo, 83 m2 | 3h, ak, kph, s, wc",1916.0,"Espoo, Matinkyla, Leenankuja 2",http://www.vuokraovi.com//vuokra-asunto/espoo/matinkyla/kerrostalo/kolmio/388226,60.153655,24.7410158,Majoituspalvelu Forenom Oy,None,None
917718,"kerrostalo, 90 m2 | 3h, tk, kph",3287.0,"Helsinki, Puistokatu 11",http://www.vuokraovi.com//vuokra-asunto/helsinki/kerrostalo/kolmio/917718,60.15631089999999,24.9509757,Majoituspalvelu Forenom Oy,None,None
930034,"kerrostalo, 35 m2 | 1h, kk, kph, p",1157.0,"Helsinki, Reiherintie 1",http://www.vuokraovi.com//vuokra-asunto/helsinki/kerrostalo/yksio/930034,60.1734703,25.0386667,Majoituspalvelu Forenom Oy,None,None
345915,"kerrostalo, 26 m2 | 1h, tk, kph",1465.0,"Helsinki, Eerikinkatu 26",http://www.vuokraovi.com//vuokra-asunto/helsinki/kerrostalo/yksio/345915,60.1659373,24.9319579,Majoituspalvelu Forenom Oy,None,None
334351,"kerrostalo, 74 m2 | 3h, tk, kph, s, p",2275.0,"Helsinki, Saterintie 24",http://www.vuokraovi.com//vuokra-asunto/helsinki/kerrostalo/kolmio/334351,60.24391319999999,24.9878794,Majoituspalvelu Forenom Oy,None,None
428316,"kerrostalo, 53 m2 | 2h, k, kph, p",2015.0,"Espoo, Suvikuja 4",http://www.vuokraovi.com//vuokra-asunto/espoo/kerrostalo/kaksio/428316,60.1727915,24.7892893,Majoituspalvelu Forenom Oy,None,None
433021,"kerrostalo, 55 m2 | 2h, k, kph, p",1280.0,"Espoo, Leppavaara, Harakantie 20",http://www.vuokraovi.com//vuokra-asunto/espoo/leppavaara/kerrostalo/kaksio/433021,60.2211762,24.8148,Majoituspalvelu Forenom Oy,None,None
434175,"kerrostalo, 26 m2 | 1h, kph",2177.0,"Helsinki, Herttoniemi, Hitsaajankatu 12",http://www.vuokraovi.com//vuokra-asunto/helsinki/herttoniemi/kerrostalo/yksio/434175,60.19279969999999,25.0295647,Majoituspalvelu Forenom Oy,None,None
451626,"kerrostalo, 67 m2 | 3h, ak, kph, p",2275.0,"Helsinki, Vanhanlinnantie 3",http://www.vuokraovi.com//vuokra-asunto/helsinki/kerrostalo/kolmio/451626,60.2144655,25.0878091,Majoituspalvelu Forenom Oy,None,None
459923,"kerrostalo, 62 m2 | 3h, k, kph, p",2022.0,"Helsinki, Telatie 8",http://www.vuokraovi.com//vuokra-asunto/helsinki/kerrostalo/kolmio/459923,60.2214488,25.112709,Majoituspalvelu Forenom Oy,None,None
463416,"kerrostalo, 41 m2 | 2h, k, kph, wc, p",1617.0,"Helsinki, Alakiventie 3",http://www.vuokraovi.com//vuokra-asunto/helsinki/kerrostalo/kaksio/463416,60.2218788,25.0781363,Majoituspalvelu Forenom Oy,None,None
475587,"kerrostalo, 49 m2 | 2h, k, kph, p",1916.0,"Helsinki, Kantelettarentie 4",http://www.vuokraovi.com//vuokra-asunto/helsinki/kerrostalo/kaksio/475587,60.239023,24.8855567,Majoituspalvelu Forenom Oy,None,None
482141,"kerrostalo, 40 m2 | 2h, kk, kph",1920.0,"Helsinki, Runeberginkatu 46",http://www.vuokraovi.com//vuokra-asunto/helsinki/kerrostalo/kaksio/482141,60.17946860000001,24.9231951,Majoituspalvelu Forenom Oy,None,None
487548,"kerrostalo, 36 m2 | 1h, ak, kph, p",2227.0,"Helsinki, Vuosaari, Kallvikintie 28",http://www.vuokraovi.com//vuokra-asunto/helsinki/vuosaari/kerrostalo/yksio/487548,60.1921714,25.1374088,Majoituspalvelu Forenom Oy,None,None
485052,"kerrostalo, 44 m2 | 1h, ak, kph, s, wc",1870.0,"Helsinki, Korkeavuorenkatu 2",http://www.vuokraovi.com//vuokra-asunto/helsinki/kerrostalo/yksio/485052,60.15977770000001,24.946434,Majoituspalvelu Forenom Oy,None,None
478194,"kerrostalo, 50 m2 | FURNISHED 2 rooms",1490.0,"Helsinki, Punavuori, Iso Roobertinkatu 33 G",http://www.vuokraovi.com//vuokra-asunto/helsinki/punavuori/kerrostalo/kaksio/478194,60.16227409999999,24.9383032,Celine Oy Ab LKV AFM,None,None
474632,"kerrostalo, 55, 5 m2 | 1h+k",925.0,"Espoo, Soukka, Soukankuja 4",http://www.vuokraovi.com//vuokra-asunto/espoo/soukka/kerrostalo/yksio/474632,60.1386522,24.673169,SATO Vuokraus ja myynti / Helsinki,None,None
401749,"kerrostalo, 46 m2 | 2h, tk, kph, s, p",1515.0,"Helsinki, Leikosaarentie 29",http://www.vuokraovi.com//vuokra-asunto/helsinki/kerrostalo/kaksio/401749,60.20468769999999,25.1530087,Majoituspalvelu Forenom Oy,None,None
440002,"kerrostalo, 55 m2 | 2h+k",998.0,"Helsinki, Mellunmaki, Korvatunturinpolku 5",http://www.vuokraovi.com//vuokra-asunto/helsinki/mellunmaki/kerrostalo/kaksio/440002,60.2384412,25.1170489,SATO Vuokraus ja myynti / Helsinki,None,None
450440,"kerrostalo, 65 m2 | 3h, tk, kph, p",2477.0,"Helsinki, Vellamonkatu 1",http://www.vuokraovi.com//vuokra-asunto/helsinki/kerrostalo/kolmio/450440,60.1930776,24.9657797,Majoituspalvelu Forenom Oy,None,None
466509,"kerrostalo, 51 m2 | 2h, k",2831.0,"Helsinki, Uudenmaankatu 13",http://www.vuokraovi.com//vuokra-asunto/helsinki/kerrostalo/kaksio/466509,60.1646696,24.9410376,Majoituspalvelu Forenom Oy,None,None
465842,"kerrostalo, 61 m2 | 2h + k + parveke",1048.9,"Espoo, Suurpelto, Piilipuuntie 1 D",http://www.vuokraovi.com//vuokra-asunto/espoo/suurpelto/kerrostalo/kaksio/465842,60.1850196,24.7397957,Asuntosaatio,None,None
465030,"rivitalo, 116, 5 m2 | 5H+K+S",1760.0,"Helsinki, Vuosaari, Pienenvillasaarentie 11",http://www.vuokraovi.com//vuokra-asunto/helsinki/vuosaari/rivitalo/5h+/465030,60.22253560000001,25.1459774,Asokodit,None,None
428087,"kerrostalo, 47, 5 m2 | 2h+kk",934.0,"Espoo, Niittymaa, Malmiportti 4",http://www.vuokraovi.com//vuokra-asunto/espoo/niittymaa/kerrostalo/yksio/428087,60.2054911,24.6559001,SATO Vuokraus ja myynti / Helsinki,None,None
453719,"kerrostalo, 61 m2 | 2h+k",1250.0,"Helsinki, Etu-Toolo, Mechelininkatu 12-14",http://www.vuokraovi.com//vuokra-asunto/helsinki/etu-toolo/kerrostalo/kaksio/453719,60.1720085,24.9198088,SATO Vuokraus ja myynti / Helsinki,None,None
464564,"kerrostalo, 60 m2 | 2h+k",985.0,"Espoo, Olari, Kuunsirppi 6",http://www.vuokraovi.com//vuokra-asunto/espoo/olari/kerrostalo/kaksio/464564,60.1729043,24.7240647,SATO Vuokraus ja myynti / Helsinki,None,None
917031,"kerrostalo, 33 m2 | 1h, kk, kph",857.0,"Helsinki, Matastie 5",http://www.vuokraovi.com//vuokra-asunto/helsinki/kerrostalo/yksio/917031,60.2653277,25.079044,Majoituspalvelu Forenom Oy,None,None
330487,"kerrostalo, 80 m2 | 4h, k, kph, 2wc, p",2730.0,"Espoo, Tapiola, Lansituulentie 8",http://www.vuokraovi.com//vuokra-asunto/espoo/tapiola/kerrostalo/4h/330487,60.17573549999999,24.8034435,Majoituspalvelu Forenom Oy,None,None
388504,"kerrostalo, 61, 5 m2 | 2h+k",1013.0,"Espoo, Olari, Kuunsirppi 6",http://www.vuokraovi.com//vuokra-asunto/espoo/olari/kerrostalo/kaksio/388504,60.1729043,24.7240647,SATO Vuokraus ja myynti / Helsinki,None,None
490187,"kerrostalo, 58 m2",1262.0,"Espoo, Suna, Sokinsuontie 3",http://www.vuokraovi.com//vuokra-asunto/espoo/suna/kerrostalo/490187,60.2005766,24.6690042,Majoituspalvelu Forenom Oy,None,None
495420,"kerrostalo, 41 m2 | 2h, ak, kph, wc, p",1920.0,"Espoo, Laaksolahti, Kolkekannaksentie 19",http://www.vuokraovi.com//vuokra-asunto/espoo/laaksolahti/kerrostalo/kaksio/495420,60.23966309999999,24.7374284,Majoituspalvelu Forenom Oy,None,None
432881,"kerrostalo, 59, 5 m2 | 2h+k+s",999.0,"Espoo, Leppavaara, Bertel Jungin aukio 4",http://www.vuokraovi.com//vuokra-asunto/espoo/leppavaara/kerrostalo/kaksio/432881,60.21681449999999,24.8142201,SATO Vuokraus ja myynti / Helsinki,None,None
458159,"kerrostalo, 31 m2 | 1h, ak, kph, wc",1364.0,"Helsinki, Alppikatu 20",http://www.vuokraovi.com//vuokra-asunto/helsinki/kerrostalo/yksio/458159,60.18583709999999,24.9466288,Majoituspalvelu Forenom Oy,None,None
474315,"kerrostalo, 38, 5 m2 | 2h+kk",962.0,"Espoo, Tapiola, Elosalamantie 4",http://www.vuokraovi.com//vuokra-asunto/espoo/tapiola/kerrostalo/kaksio/474315,60.17110719999999,24.808116,SATO Vuokraus ja myynti / Helsinki,None,None
941565,"kerrostalo, 59 m2 | 2h+k",1175.0,"Helsinki, Pajamaki, Pajamaentie 6",http://www.vuokraovi.com//vuokra-asunto/helsinki/pajamaki/kerrostalo/kaksio/941565,60.2187807,24.85672,SATO Vuokraus ja myynti / Helsinki,None,None
412536,"kerrostalo, 77 m2 | 3H+K",1480.0,"Espoo, Haukilahti, Ahvenkuja 2 A",http://www.vuokraovi.com//vuokra-asunto/espoo/haukilahti/kerrostalo/kolmio/412536,60.1655588,24.776742,Newsec Asset Management  Oy,None,None
442880,"kerrostalo, 61 m2 | 2h + k + parveke",1057.91,"Espoo, Suurpelto, Piilipuuntie 1 C",http://www.vuokraovi.com//vuokra-asunto/espoo/suurpelto/kerrostalo/kaksio/442880,60.1850196,24.7397957,Asuntosaatio,None,None
437451,"kerrostalo, 52 m2 | 2h, k, kph, vh, parv.",1200.0,"Helsinki, Oulunkyla, Siltavoudintie 10 C",http://www.vuokraovi.com//vuokra-asunto/helsinki/oulunkyla/kerrostalo/kaksio/437451,60.23102049999999,24.967104,Suvi Ahlfors Oy LKV,None,None
434973,"kerrostalo, 50, 5 m2 | 2h+k+s",955.0,"Espoo, Kilo, Lansantie 3",http://www.vuokraovi.com//vuokra-asunto/espoo/kilo/kerrostalo/kaksio/434973,60.2163672,24.7734591,SATO Vuokraus ja myynti / Helsinki,None,None
977648,"kerrostalo, 50 m2 | 2h, kk, kph, wc, p",1611.0,"Espoo, Niittykumpu, Niittykatu 2",http://www.vuokraovi.com//vuokra-asunto/espoo/niittykumpu/kerrostalo/kaksio/977648,60.1702332,24.7612991,Majoituspalvelu Forenom Oy,None,None
396264,"kerrostalo, 53 m2 | 2h, k, kph",1313.0,"Helsinki, Roihuvuorentie 18",http://www.vuokraovi.com//vuokra-asunto/helsinki/kerrostalo/kaksio/396264,60.1993686,25.0584414,Majoituspalvelu Forenom Oy,None,None
352715,"kerrostalo, 60, 5 m2 | 3H+KK+S+P",1239.0,"Helsinki, Herttoniemi, NIITTAAJANKATU 7 A",http://www.vuokraovi.com//vuokra-asunto/helsinki/herttoniemi/kerrostalo/kolmio/352715,60.1914457,25.028622,Newsec Asset Management  Oy,None,None
326491,"kerrostalo, 33, 6 m2 | 1h+kk",895.0,"Helsinki, Kallio, Vaasankatu 15",http://www.vuokraovi.com//vuokra-asunto/helsinki/kallio/kerrostalo/yksio/326491,60.188456,24.9573376,SATO Vuokraus ja myynti / Helsinki,None,None
342058,"kerrostalo, 70 m2 | 3h, tk, kph, p",2687.0,"Helsinki, Konala, Vahantuvantie 1",http://www.vuokraovi.com//vuokra-asunto/helsinki/konala/kerrostalo/kolmio/342058,60.2347001,24.8530712,Majoituspalvelu Forenom Oy,None,None
914059,"kerrostalo, 61 m2 | 2h+k",1195.0,"Helsinki, Pikku Huopalahti, Tilkankatu 2",http://www.vuokraovi.com//vuokra-asunto/helsinki/pikku+huopalahti/kerrostalo/kaksio/914059,60.2036531,24.8954617,SATO Vuokraus ja myynti / Helsinki,None,None
985234,"kerrostalo, 24 m2 | 1h, ak, kph, wc",1060.0,"Helsinki, Hameentie 67",http://www.vuokraovi.com//vuokra-asunto/helsinki/kerrostalo/yksio/985234,60.1938229,24.9644569,Majoituspalvelu Forenom Oy,None,None
986208,"kerrostalo, 30 m2 | 1h, kk, kph, p",894.0,"Espoo, Olari, Taysikuu 3",http://www.vuokraovi.com//vuokra-asunto/espoo/olari/kerrostalo/yksio/986208,60.1747825,24.7271903,Majoituspalvelu Forenom Oy,None,None
423525,"omakotitalo, 484 m2 | 9h, k, rt, s-os., 3 kph, khh, ",6900.0,"Helsinki, Karhusaari, Karhurannankuja 6 B",http://www.vuokraovi.com//vuokra-asunto/helsinki/karhusaari/omakotitalo/5h+/423525,60.25524569999999,25.2289647,Ambiance LKV,None,None
372389,"kerrostalo, 29 m2 | 1h, kk, kph",1211.0,"Helsinki, Makitorpantie 23",http://www.vuokraovi.com//vuokra-asunto/helsinki/kerrostalo/yksio/372389,60.22744549999999,24.9572059,Majoituspalvelu Forenom Oy,None,None
435931,"kerrostalo, 55, 5 m2 | 2h+k",1035.0,"Helsinki, Oulunkyla, Maapadontie 3",http://www.vuokraovi.com//vuokra-asunto/helsinki/oulunkyla/kerrostalo/kaksio/435931,60.230937,24.9495435,SATO Vuokraus ja myynti / Helsinki,None,None
414978,"kerrostalo, 51 m2 | 2h+kk",1148.0,"Espoo, Tapiola, Elosalamantie 2",http://www.vuokraovi.com//vuokra-asunto/espoo/tapiola/kerrostalo/kaksio/414978,60.17195959999999,24.8079867,SATO Vuokraus ja myynti / Helsinki,None,None
413780,"kerrostalo, 50 m2 | 2h+kt",945.0,"Espoo, Soukka, Soukanniementie 1",http://www.vuokraovi.com//vuokra-asunto/espoo/soukka/kerrostalo/kaksio/413780,60.128453,24.6798298,SATO Vuokraus ja myynti / Helsinki,None,None
991489,"kerrostalo, 50 m2 | 2H+KK+S",951.0,"Espoo, Matinkyla, NELIKKOKUJA 5 A",http://www.vuokraovi.com//vuokra-asunto/espoo/matinkyla/kerrostalo/kaksio/991489,60.16126420000001,24.7424228,Newsec Asset Management  Oy,None,None
454198,"kerrostalo, 48 m2 | 2h, ak, kph, s, wc, p",1763.0,"Espoo, Matinkyla, Kala-Matti",http://www.vuokraovi.com//vuokra-asunto/espoo/matinkyla/kerrostalo/kaksio/454198,60.15772,24.738534,Majoituspalvelu Forenom Oy,None,None
433953,"kerrostalo, 59 m2 | 2h+k+s",1095.0,"Helsinki, Jollas, Puuskarinne 1",http://www.vuokraovi.com//vuokra-asunto/helsinki/jollas/kerrostalo/kaksio/433953,60.1708779,25.0801014,SATO Vuokraus ja myynti / Helsinki,None,None
402905,"kerrostalo, 46, 5 m2 | 2h+kk+s",1235.0,"Helsinki, Tali, Kutomotie 12a",http://www.vuokraovi.com//vuokra-asunto/helsinki/tali/kerrostalo/kaksio/402905,60.21545820000001,24.8704099,SATO Vuokraus ja myynti / Helsinki,None,None
432878,"kerrostalo, 46 m2 | 2h+kk+s",1045.0,"Espoo, Matinkyla, Nelikkokuja 10",http://www.vuokraovi.com//vuokra-asunto/espoo/matinkyla/kerrostalo/kaksio/432878,60.161331,24.7418421,SATO Vuokraus ja myynti / Helsinki,None,None
409047,"kerrostalo, 71, 5 m2 | 3H+K+S",1113.0,"Espoo, Suurpelto, Klariksentie 2 A",http://www.vuokraovi.com//vuokra-asunto/espoo/suurpelto/kerrostalo/kolmio/409047,60.1841556,24.7407589,VVO-kotikeskus PKS,None,None
482396,"kerrostalo, 44, 5 m2 | 2h+kk",835.0,"Espoo, Matinkyla, KALA-MATTI 3 B",http://www.vuokraovi.com//vuokra-asunto/espoo/matinkyla/kerrostalo/kaksio/482396,60.15849489999999,24.7381007,Newsec Asset Management  Oy,None,None
968711,"kerrostalo, 78 m2 | 3H+K",1137.0,"Helsinki, Pitajanmaki, KOKKOKALLIONTIE 9 E",http://www.vuokraovi.com//vuokra-asunto/helsinki/pitajanmaki/kerrostalo/kolmio/968711,60.22975259999999,24.8520569,Newsec Asset Management  Oy,None,None
948751,"kerrostalo, 21 m2 | 1h+ikk.kk+kph+parveke",850.0,"Helsinki, Etela-Haaga, Ryytimaantie 9 B",http://www.vuokraovi.com//vuokra-asunto/helsinki/etela-haaga/kerrostalo/yksio/948751,60.2160884,24.9022445,Habicum LKV Oy,None,None
367250,"kerrostalo, 24 m2 | 1h, tk, kph",1364.0,"Helsinki, Kristianinkatu 7",http://www.vuokraovi.com//vuokra-asunto/helsinki/kerrostalo/yksio/367250,60.175744,24.958122,Majoituspalvelu Forenom Oy,None,None
400419,"kerrostalo, 43 m2 | 2h+kk",968.0,"Espoo, Tapiola, Elosalamantie 2",http://www.vuokraovi.com//vuokra-asunto/espoo/tapiola/kerrostalo/kaksio/400419,60.17195959999999,24.8079867,SATO Vuokraus ja myynti / Helsinki,None,None
380471,"kerrostalo, 54 m2 | 2h+k",890.0,"Helsinki, Pukinmaki, Erkki Melartinin tie 1",http://www.vuokraovi.com//vuokra-asunto/helsinki/pukinmaki/kerrostalo/kaksio/380471,60.2462323,24.9888487,Agency info missing,None,None
303013,"kerrostalo, 41 m2 | 1h+k",853.0,"Espoo, Tapiola, Kaskenkaatajantie 5",http://www.vuokraovi.com//vuokra-asunto/espoo/tapiola/kerrostalo/yksio/303013,60.1804031,24.7927449,SATO Vuokraus ja myynti / Helsinki,None,None
499743,"kerrostalo, 79, 5 m2 | 3h+k+s",1529.0,"Helsinki, Ruoholahti, Itamerenkatu 18",http://www.vuokraovi.com//vuokra-asunto/helsinki/ruoholahti/kerrostalo/kolmio/499743,60.16319230000001,24.9120668,SATO Vuokraus ja myynti / Helsinki,None,None
498979,"kerrostalo, 51 m2 | 2h+kk+s",934.0,"Espoo, Soukka, Soukankaari 12",http://www.vuokraovi.com//vuokra-asunto/espoo/soukka/kerrostalo/kaksio/498979,60.140051,24.6680776,SATO Vuokraus ja myynti / Helsinki,None,None
923160,"kerrostalo, 62 m2 | 2h+k",1021.0,"Espoo, Kivenlahti, Aalto 4",http://www.vuokraovi.com//vuokra-asunto/espoo/kivenlahti/kerrostalo/kaksio/923160,60.1499987,24.639388,SATO Vuokraus ja myynti / Helsinki,None,None
960922,"kerrostalo, 39 m2 | 2h+kk",958.0,"Helsinki, Etela-Haaga, Vanha viertotie 18",http://www.vuokraovi.com//vuokra-asunto/helsinki/etela-haaga/kerrostalo/kaksio/960922,60.2103828,24.8831156,SATO Vuokraus ja myynti / Helsinki,None,None
963066,"kerrostalo, 49, 5 m2 | 2h+kk",886.0,"Espoo, Matinkyla, Sepetlahdentie 6",http://www.vuokraovi.com//vuokra-asunto/espoo/matinkyla/kerrostalo/kaksio/963066,60.1526866,24.7443391,SATO Vuokraus ja myynti / Helsinki,None,None
417567,"kerrostalo, 57 m2 | 2h+k",1179.0,"Helsinki, Pikku Huopalahti, Tilkankatu 6",http://www.vuokraovi.com//vuokra-asunto/helsinki/pikku+huopalahti/kerrostalo/kaksio/417567,60.2030751,24.8942589,SATO Vuokraus ja myynti / Helsinki,None,None
497699,"kerrostalo, 58, 5 m2 | 2h+k",995.0,"Espoo, Matinkyla, Sepetlahdentie 6",http://www.vuokraovi.com//vuokra-asunto/espoo/matinkyla/kerrostalo/kaksio/497699,60.1526866,24.7443391,SATO Vuokraus ja myynti / Helsinki,None,None
496655,"kerrostalo, 42 m2 | 2h, avok., parveke",801.0,"Espoo, Saunalahti, Tiimalasintie 5",http://www.vuokraovi.com//vuokra-asunto/espoo/saunalahti/kerrostalo/kaksio/496655,60.1676916,24.6133712,Paakaupunkiseutu Suuromistajien vuokra-asunnot,None,None
488274,"kerrostalo, 51 m2 | 2h+kk+s",870.0,"Espoo, Kilo, Ruotutorppa 8",http://www.vuokraovi.com//vuokra-asunto/espoo/kilo/kerrostalo/kaksio/488274,60.2177532,24.7770212,SATO Vuokraus ja myynti / Helsinki,None,None
393505,"kerrostalo, 57 m2 | 2h+k+s",886.0,"Espoo, Lintuvaara, Kyyhkysmaki 9 C",http://www.vuokraovi.com//vuokra-asunto/espoo/lintuvaara/kerrostalo/kaksio/393505,60.2285814,24.8089188,Newsec Asset Management  Oy,None,None
908559,"kerrostalo, 22 m2 | 1h, k, wc",1364.0,"Helsinki, Kalevankatu 29",http://www.vuokraovi.com//vuokra-asunto/helsinki/kerrostalo/yksio/908559,60.16582249999999,24.9333587,Majoituspalvelu Forenom Oy,None,None
493721,"kerrostalo, 36 m2 | 1h+kk",896.0,"Espoo, Tapiola, Elosalamantie 2",http://www.vuokraovi.com//vuokra-asunto/espoo/tapiola/kerrostalo/yksio/493721,60.17195959999999,24.8079867,SATO Vuokraus ja myynti / Helsinki,None,None
339381,"kerrostalo, 13 m2 | 1h, ak, kph, wc",774.0,"Espoo, Kuninkainen, Herttuantie 4",http://www.vuokraovi.com//vuokra-asunto/espoo/kuninkainen/kerrostalo/yksio/339381,60.22524749999999,24.7674515,Majoituspalvelu Forenom Oy,None,None
346204,"omakotitalo, 40 m2 | 2h, k, wc",953.0,"Espoo, Kottaraisentie 7",http://www.vuokraovi.com//vuokra-asunto/espoo/omakotitalo/kaksio/346204,60.23563470000001,24.8090267,Majoituspalvelu Forenom Oy,None,None
413750,"kerrostalo, 24 m2 | 1h+kk",796.0,"Helsinki, Pohjois-Haaga, Ida Aalbergin tie 3 a",http://www.vuokraovi.com//vuokra-asunto/helsinki/pohjois-haaga/kerrostalo/yksio/413750,60.23016819999999,24.8995442,SATO Vuokraus ja myynti / Helsinki,None,None
910533,"kerrostalo, 58 m2 | 2h+kk+s",1379.0,"Helsinki, Purotie 3 / Talin puistotie 4",http://www.vuokraovi.com//vuokra-asunto/helsinki/kerrostalo/kaksio/910533,60.21656600000001,24.8682545,SATO Vuokraus ja myynti / Helsinki,None,None
446557,"kerrostalo, 59 m2 | 2h+kk+s",1330.0,"Helsinki, Lauttasaari, Vattuniemenkuja 3",http://www.vuokraovi.com//vuokra-asunto/helsinki/lauttasaari/kerrostalo/kaksio/446557,60.1538888,24.8858381,SATO Vuokraus ja myynti / Helsinki,None,None
491406,"kerrostalo, 52 m2 | 2h+kk",1222.0,"Espoo, Tapiola, Elosalamantie 2",http://www.vuokraovi.com//vuokra-asunto/espoo/tapiola/kerrostalo/kaksio/491406,60.17195959999999,24.8079867,SATO Vuokraus ja myynti / Helsinki,None,None
491428,"kerrostalo, 63 m2 | 2h+k+s",1039.0,"Helsinki, Vuosaari, Leikosaarentie 12",http://www.vuokraovi.com//vuokra-asunto/helsinki/vuosaari/kerrostalo/kaksio/491428,60.2027863,25.137538,SATO Vuokraus ja myynti / Helsinki,None,None
491438,"kerrostalo, 28 m2 | 1h+kk",852.0,"Helsinki, Etela-Haaga, Vanha viertotie 4",http://www.vuokraovi.com//vuokra-asunto/helsinki/etela-haaga/kerrostalo/yksio/491438,60.2094624,24.8876116,SATO Vuokraus ja myynti / Helsinki,None,None
490606,"kerrostalo, 33 m2 | 1h+kt+p",751.0,"Helsinki, Pitajanmaki, Konalantie 9 H",http://www.vuokraovi.com//vuokra-asunto/helsinki/pitajanmaki/kerrostalo/yksio/490606,60.22810990000001,24.850782,Agency info missing,None,None
490582,"kerrostalo, 44, 5 m2 | 2h+kt+p",921.0,"Helsinki, Pitajanmaki, Konalantie 9 G",http://www.vuokraovi.com//vuokra-asunto/helsinki/pitajanmaki/kerrostalo/kaksio/490582,60.22810990000001,24.850782,Newsec Asset Management  Oy,None,None
329529,"kerrostalo, 46, 5 m2 | 2h+kk",1072.0,"Helsinki, Konala, Vahantuvantie 1b",http://www.vuokraovi.com//vuokra-asunto/helsinki/konala/kerrostalo/kaksio/329529,60.2347001,24.8530712,SATO Vuokraus ja myynti / Helsinki,None,None
409358,"kerrostalo, 52 m2 | 2h+kk",1222.0,"Espoo, Tapiola, Elosalamantie 2",http://www.vuokraovi.com//vuokra-asunto/espoo/tapiola/kerrostalo/kaksio/409358,60.17195959999999,24.8079867,SATO Vuokraus ja myynti / Helsinki,None,None
487558,"kerrostalo, 13 m2 | 1h",1547.0,"Helsinki, Herttoniemi, Hitsaajankatu 12",http://www.vuokraovi.com//vuokra-asunto/helsinki/herttoniemi/kerrostalo/yksio/487558,60.19279969999999,25.0295647,Agency info missing,None,None
960926,"kerrostalo, 59 m2 | 2h+k",1255.0,"Helsinki, Etela-Haaga, Vanha viertotie 6",http://www.vuokraovi.com//vuokra-asunto/helsinki/etela-haaga/kerrostalo/kaksio/960926,60.20978359999999,24.8873299,SATO Vuokraus ja myynti / Helsinki,None,None
322150,"kerrostalo, 40 m2 | 2h+kk+s",1049.0,"Helsinki, Vuosaari, Kaivonkatsojantie 13",http://www.vuokraovi.com//vuokra-asunto/helsinki/vuosaari/kerrostalo/kaksio/322150,60.2029431,25.1366932,SATO Vuokraus ja myynti / Helsinki,None,None
948415,"kerrostalo, 43 m2 | 2h+kk",968.0,"Espoo, Tapiola, Elosalamantie 2",http://www.vuokraovi.com//vuokra-asunto/espoo/tapiola/kerrostalo/kaksio/948415,60.17195959999999,24.8079867,SATO Vuokraus ja myynti / Helsinki,None,None
438145,"kerrostalo, 48 m2 | 2h+k",1186.0,"Helsinki, Etela-Haaga, Vanha viertotie 8",http://www.vuokraovi.com//vuokra-asunto/helsinki/etela-haaga/kerrostalo/kaksio/438145,60.2100407,24.8869756,SATO Vuokraus ja myynti / Helsinki,None,None
485767,"kerrostalo, 51 m2 | 2h+kk+s",960.0,"Espoo, Soukka, Soukankaari 12",http://www.vuokraovi.com//vuokra-asunto/espoo/soukka/kerrostalo/kaksio/485767,60.140051,24.6680776,Agency info missing,None,None
485779,"kerrostalo, 51 m2 | 2h+kk",1148.0,"Espoo, Tapiola, Elosalamantie 2",http://www.vuokraovi.com//vuokra-asunto/espoo/tapiola/kerrostalo/kaksio/485779,60.17195959999999,24.8079867,SATO Vuokraus ja myynti / Helsinki,None,None
485784,"kerrostalo, 32 m2 | 1h+kk",797.0,"Espoo, Tapiola, Elosalamantie 2",http://www.vuokraovi.com//vuokra-asunto/espoo/tapiola/kerrostalo/yksio/485784,60.17195959999999,24.8079867,SATO Vuokraus ja myynti / Helsinki,None,None
485785,"kerrostalo, 52 m2 | 2h+kk",1222.0,"Espoo, Tapiola, Elosalamantie 2",http://www.vuokraovi.com//vuokra-asunto/espoo/tapiola/kerrostalo/kaksio/485785,60.17195959999999,24.8079867,SATO Vuokraus ja myynti / Helsinki,None,None
485823,"kerrostalo, 75 m2 | 4h+k",1262.0,"Helsinki, Pohjois-Haaga, Ida Aalbergin tie 3 a",http://www.vuokraovi.com//vuokra-asunto/helsinki/pohjois-haaga/kerrostalo/4h/485823,60.23016819999999,24.8995442,SATO Vuokraus ja myynti / Helsinki,None,None
462968,"kerrostalo, 74, 5 m2 | 3H+K+S",1225.0,"Espoo, Leppavaara, Leirikatu 10",http://www.vuokraovi.com//vuokra-asunto/espoo/leppavaara/kerrostalo/kolmio/462968,60.21085790000001,24.8092462,Asokodit,None,None
483301,"kerrostalo, 61 m2 | 2h + k + parveke",1066.75,"Espoo, Suurpelto, Piilipuuntie 1 C",http://www.vuokraovi.com//vuokra-asunto/espoo/suurpelto/kerrostalo/kaksio/483301,60.1850196,24.7397957,Asuntosaatio,None,None
482474,"kerrostalo, 52 m2 | 2h+kk",1222.0,"Espoo, Tapiola, Elosalamantie 2",http://www.vuokraovi.com//vuokra-asunto/espoo/tapiola/kerrostalo/kaksio/482474,60.17195959999999,24.8079867,SATO Vuokraus ja myynti / Helsinki,None,None
482475,"kerrostalo, 32 m2 | 1h+kk",797.0,"Espoo, Tapiola, Elosalamantie 2",http://www.vuokraovi.com//vuokra-asunto/espoo/tapiola/kerrostalo/yksio/482475,60.17195959999999,24.8079867,SATO Vuokraus ja myynti / Helsinki,None,None
961134,"kerrostalo, 67 m2 | 2h+k",1395.0,"Helsinki, Munkkiniemi, Solnantie 22",http://www.vuokraovi.com//vuokra-asunto/helsinki/munkkiniemi/kerrostalo/kaksio/961134,60.1964763,24.8779728,SATO Vuokraus ja myynti / Helsinki,None,None
481524,"kerrostalo, 9 m2 | Omahuone, jaettu kph, yhteiset",511.0,"Helsinki, Liusketie 16",http://www.vuokraovi.com//vuokra-asunto/helsinki/kerrostalo/yksio/481524,60.2366024,25.0174958,Majoituspalvelu Forenom Oy,None,None
426787,"kerrostalo, 44 m2 | 2h+kk+s",989.0,"Espoo, Vallikallio, Porarinkatu 2",http://www.vuokraovi.com//vuokra-asunto/espoo/vallikallio/kerrostalo/kaksio/426787,60.22495259999999,24.8210892,SATO Vuokraus ja myynti / Helsinki,None,None
480480,"kerrostalo, 50, 5 m2 | 2h+kk",824.0,"Espoo, Soukka, Soukankaari 13",http://www.vuokraovi.com//vuokra-asunto/espoo/soukka/kerrostalo/kaksio/480480,60.1408016,24.6673884,SATO Vuokraus ja myynti / Helsinki,None,None
442843,"kerrostalo, 29 m2 | 1h+kk",898.0,"Helsinki, Etela-Haaga, Vanha viertotie 6",http://www.vuokraovi.com//vuokra-asunto/helsinki/etela-haaga/kerrostalo/yksio/442843,60.20978359999999,24.8873299,SATO Vuokraus ja myynti / Helsinki,None,None
910667,"kerrostalo, 76, 5 m2 | 3h+k+s",1323.0,"Helsinki, Herttoniemi, Laivalahdenkaari 8",http://www.vuokraovi.com//vuokra-asunto/helsinki/herttoniemi/kerrostalo/kolmio/910667,60.1908559,25.0355264,Agency info missing,None,None
912674,"kerrostalo, 45 m2 | 2h+kk+s",1087.0,"Helsinki, Aurinkolahti, Aurinkotuulenkatu 6, Hellekuja 1",http://www.vuokraovi.com//vuokra-asunto/helsinki/aurinkolahti/kerrostalo/kaksio/912674,60.2068759,25.1582372,SATO Vuokraus ja myynti / Helsinki,None,None
942332,"kerrostalo, 43 m2 | 2h+kk",968.0,"Espoo, Tapiola, Elosalamantie 2",http://www.vuokraovi.com//vuokra-asunto/espoo/tapiola/kerrostalo/kaksio/942332,60.17195959999999,24.8079867,SATO Vuokraus ja myynti / Helsinki,None,None
478770,"kerrostalo, 41 m2 | 1h+k",854.0,"Espoo, Tapiola, Kaskenkaatajantie 5",http://www.vuokraovi.com//vuokra-asunto/espoo/tapiola/kerrostalo/yksio/478770,60.1804031,24.7927449,SATO Vuokraus ja myynti / Helsinki,None,None
477604,"kerrostalo, 150 m2 | FURNISHED 3r, s, balc, parking",4000.0,"Helsinki, Kaivopuisto, Kalliolinnantie 10 B",http://www.vuokraovi.com//vuokra-asunto/helsinki/kaivopuisto/kerrostalo/kolmio/477604,60.1590853,24.9600108,Celine Oy Ab LKV AFM,None,None
422984,"kerrostalo, 56 m2 | 2h+k",1302.0,"Helsinki, Taka-Toolo, Messeniuksenkatu 5",http://www.vuokraovi.com//vuokra-asunto/helsinki/taka-toolo/kerrostalo/kaksio/422984,60.188095,24.9158202,SATO Vuokraus ja myynti / Helsinki,None,None
475892,"kerrostalo, 67 m2 | 3h+kk",1340.0,"Espoo, Tapiola, Elosalamantie 2",http://www.vuokraovi.com//vuokra-asunto/espoo/tapiola/kerrostalo/kolmio/475892,60.17195959999999,24.8079867,SATO Vuokraus ja myynti / Helsinki,None,None
475166,"kerrostalo, 38, 5 m2 | 2h+kk",960.0,"Espoo, Tapiola, Elosalamantie 2",http://www.vuokraovi.com//vuokra-asunto/espoo/tapiola/kerrostalo/kaksio/475166,60.17195959999999,24.8079867,SATO Vuokraus ja myynti / Helsinki,None,None
474314,"kerrostalo, 38, 5 m2 | 2h+kk",962.0,"Espoo, Tapiola, Elosalamantie 4",http://www.vuokraovi.com//vuokra-asunto/espoo/tapiola/kerrostalo/kaksio/474314,60.17110719999999,24.808116,SATO Vuokraus ja myynti / Helsinki,None,None
960763,"kerrostalo, 65, 4 m2 | 3h+k",1422.0,"Helsinki, Vartiokyla, Arhotie 22",http://www.vuokraovi.com//vuokra-asunto/helsinki/vartiokyla/kerrostalo/kolmio/960763,60.2183808,25.0861664,Agency info missing,None,None
473471,"kerrostalo, 74, 5 m2 | 3h+k",1277.0,"Helsinki, Ita-Pasila, Junailijankuja 10",http://www.vuokraovi.com//vuokra-asunto/helsinki/ita-pasila/kerrostalo/kolmio/473471,60.2003367,24.9364758,SATO Vuokraus ja myynti / Helsinki,None,None
985937,"kerrostalo, 79 m2 | 5h+k",1495.0,"Helsinki, Etela-Haaga, Ansaritie 3",http://www.vuokraovi.com//vuokra-asunto/helsinki/etela-haaga/kerrostalo/5h+/985937,60.2092079,24.8864386,SATO Vuokraus ja myynti / Helsinki,None,None
473041,"kerrostalo, 33, 5 m2 | 1h+k",836.0,"Espoo, Matinkyla, Matinniitynkuja 8",http://www.vuokraovi.com//vuokra-asunto/espoo/matinkyla/kerrostalo/yksio/473041,60.1594194,24.7429163,SATO Vuokraus ja myynti / Helsinki,None,None
473081,"kerrostalo, 53 m2 | 2h+kt+s",1061.0,"Espoo, Matinkyla, Matinniitynkuja 8",http://www.vuokraovi.com//vuokra-asunto/espoo/matinkyla/kerrostalo/kaksio/473081,60.1594194,24.7429163,SATO Vuokraus ja myynti / Helsinki,None,None
473128,"kerrostalo, 61 m2 | 2h+k+s",1177.0,"Espoo, Vallikallio, Porarinkatu 2",http://www.vuokraovi.com//vuokra-asunto/espoo/vallikallio/kerrostalo/kaksio/473128,60.22495259999999,24.8210892,SATO Vuokraus ja myynti / Helsinki,None,None
473154,"kerrostalo, 70, 5 m2 | 3h+k",1395.0,"Helsinki, Lauttasaari, Lauttasaarentie 19",http://www.vuokraovi.com//vuokra-asunto/helsinki/lauttasaari/kerrostalo/kolmio/473154,60.1607566,24.8846973,SATO Vuokraus ja myynti / Helsinki,None,None
315770,"kerrostalo, 53, 5 m2 | 2h+k+s",1037.0,"Espoo, Perkkaa, Perkkaantie 3 B",http://www.vuokraovi.com//vuokra-asunto/espoo/perkkaa/kerrostalo/kaksio/315770,60.21709559999999,24.8214568,Newsec Asset Management  Oy,None,None
472589,"kerrostalo, 55 m2 | KALUSTETTU 2H+K+KPH+P+Piha",1900.0,"Helsinki, Eira, Engelinaukio 17 B",http://www.vuokraovi.com//vuokra-asunto/helsinki/eira/kerrostalo/kaksio/472589,60.1561737,24.9369151,Smartmove Oy,None,None
900211,"kerrostalo, 72 m2 | 3h, tk, kph",2730.0,"Helsinki, Valhallankatu 16",http://www.vuokraovi.com//vuokra-asunto/helsinki/kerrostalo/kolmio/900211,60.18524799999999,24.9125611,Majoituspalvelu Forenom Oy,None,None
471848,"kerrostalo, 125 m2 | 3h, k, kph, s",4358.0,"Helsinki, Iso Roobertinkatu 7",http://www.vuokraovi.com//vuokra-asunto/helsinki/kerrostalo/kolmio/471848,60.1637954,24.9426317,Majoituspalvelu Forenom Oy,None,None
378785,"kerrostalo, 51 m2 | 2h+kk+s",858.0,"Espoo, Lintuvaara, Kyyhkysmaki 9 A",http://www.vuokraovi.com//vuokra-asunto/espoo/lintuvaara/kerrostalo/kaksio/378785,60.2285814,24.8089188,Newsec Asset Management  Oy,None,None
410204,"kerrostalo, 32 m2 | 1h+kk",797.0,"Espoo, Tapiola, Elosalamantie 2",http://www.vuokraovi.com//vuokra-asunto/espoo/tapiola/kerrostalo/yksio/410204,60.17195959999999,24.8079867,SATO Vuokraus ja myynti / Helsinki,None,None
470509,"kerrostalo, 51 m2 | 2h+kk",1148.0,"Espoo, Tapiola, Elosalamantie 2",http://www.vuokraovi.com//vuokra-asunto/espoo/tapiola/kerrostalo/kaksio/470509,60.17195959999999,24.8079867,SATO Vuokraus ja myynti / Helsinki,None,None
470401,"kerrostalo, 67, 5 m2 | 3H+KK",1052.48,"Helsinki, Kannelmaki, Soittajantie 4",http://www.vuokraovi.com//vuokra-asunto/helsinki/kannelmaki/kerrostalo/kolmio/470401,60.2402416,24.8734788,VVO-kotikeskus PKS,None,None
960979,"kerrostalo, 52, 5 m2 | 1h+k+s",1494.0,"Helsinki, Kamppi, Lonnrotinkatu 32",http://www.vuokraovi.com//vuokra-asunto/helsinki/kamppi/kerrostalo/yksio/960979,60.163529,24.9306802,SATO Vuokraus ja myynti / Helsinki,None,None
427352,"kerrostalo, 36 m2 | 1h+k",995.0,"Helsinki, Taka-Toolo, Urheilukatu 38",http://www.vuokraovi.com//vuokra-asunto/helsinki/taka-toolo/kerrostalo/yksio/427352,60.1892274,24.9187483,SATO Vuokraus ja myynti / Helsinki,None,None
303207,"kerrostalo, 57 m2 | 2h+k",930.0,"Espoo, Matinkyla, KALA-MATTI 3 B",http://www.vuokraovi.com//vuokra-asunto/espoo/matinkyla/kerrostalo/kaksio/303207,60.15849489999999,24.7381007,Newsec Asset Management  Oy,None,None
467754,"omakotitalo, 197 m2 | VILLA; 5r, sauna, garage",2700.0,"Espoo, Kattilalaakso, Rakentajaintie 22",http://www.vuokraovi.com//vuokra-asunto/espoo/kattilalaakso/omakotitalo/5h+/467754,60.16523879999999,24.6441072,Celine Oy Ab LKV AFM,None,None
338335,"kerrostalo, 49, 5 m2 | 2h+kk",1094.0,"Espoo, Tapiola, Elosalamantie 2",http://www.vuokraovi.com//vuokra-asunto/espoo/tapiola/kerrostalo/kaksio/338335,60.17195959999999,24.8079867,SATO Vuokraus ja myynti / Helsinki,None,None
995430,"kerrostalo, 45, 5 m2 | 2h+kk",1058.0,"Helsinki, Pajamaki, Pajamaentie 6",http://www.vuokraovi.com//vuokra-asunto/helsinki/pajamaki/kerrostalo/kaksio/995430,60.2187807,24.85672,SATO Vuokraus ja myynti / Helsinki,None,None
465640,"kerrostalo, 36 m2 | 1h+kk",896.0,"Espoo, Tapiola, Elosalamantie 2",http://www.vuokraovi.com//vuokra-asunto/espoo/tapiola/kerrostalo/yksio/465640,60.17195959999999,24.8079867,SATO Vuokraus ja myynti / Helsinki,None,None
329089,"kerrostalo, 48 m2 | 2h+kk",1495.0,"Helsinki, Etu-Toolo, Pohjoinen Rautatiekatu 31",http://www.vuokraovi.com//vuokra-asunto/helsinki/etu-toolo/kerrostalo/kaksio/329089,60.1686542,24.9238288,SATO Vuokraus ja myynti / Helsinki,None,None
464941,"kerrostalo, 74, 5 m2 | 3h+k+s",1458.0,"Helsinki, Pikku Huopalahti, Taavetinaukio 3, Taavetinkuja 11",http://www.vuokraovi.com//vuokra-asunto/helsinki/pikku+huopalahti/kerrostalo/kolmio/464941,60.1998348,24.8956531,SATO Vuokraus ja myynti / Helsinki,None,None
370696,"kerrostalo, 41, 5 m2 | 2h+kk+s",904.0,"Espoo, Saunalahti, Myotatuulenmaki 3",http://www.vuokraovi.com//vuokra-asunto/espoo/saunalahti/kerrostalo/kaksio/370696,60.1624369,24.6157096,SATO Vuokraus ja myynti / Helsinki,None,None
464011,"kerrostalo, 51, 5 m2 | 2h+kk+s",1070.0,"Helsinki, Vuosaari, Pohjavedenkatu 10",http://www.vuokraovi.com//vuokra-asunto/helsinki/vuosaari/kerrostalo/kaksio/464011,60.20587450000001,25.1388838,SATO Vuokraus ja myynti / Helsinki,None,None
415821,"kerrostalo, 59, 5 m2 | 2h+k",1031.0,"Helsinki, Malminkartano, Pihkatie 5",http://www.vuokraovi.com//vuokra-asunto/helsinki/malminkartano/kerrostalo/kaksio/415821,60.251974,24.855313,SATO Vuokraus ja myynti / Helsinki,None,None
330961,"kerrostalo, 64, 5 m2 | 2h+k",1341.0,"Helsinki, Kallio, Castreninkatu 3",http://www.vuokraovi.com//vuokra-asunto/helsinki/kallio/kerrostalo/kaksio/330961,60.18419220000001,24.9455893,SATO Vuokraus ja myynti / Helsinki,None,None
458765,"kerrostalo, 43 m2 | 2h+kk",968.0,"Espoo, Tapiola, Elosalamantie 2",http://www.vuokraovi.com//vuokra-asunto/espoo/tapiola/kerrostalo/kaksio/458765,60.17195959999999,24.8079867,SATO Vuokraus ja myynti / Helsinki,None,None
382968,"kerrostalo, 44 m2 | 2h+kk+s",999.0,"Espoo, Leppavaara, Rummunlyojankatu 11 D-E",http://www.vuokraovi.com//vuokra-asunto/espoo/leppavaara/kerrostalo/kaksio/382968,60.21903039999999,24.8052443,SATO Vuokraus ja myynti / Helsinki,None,None
976696,"kerrostalo, 44 m2 | 1H+TPK",825.0,"Espoo, Suurpelto, Klariksentie 2 D",http://www.vuokraovi.com//vuokra-asunto/espoo/suurpelto/kerrostalo/yksio/976696,60.1841556,24.7407589,VVO-kotikeskus PKS,None,None
453360,"kerrostalo, 35 m2 | 1h+k",965.0,"Helsinki, Hakaniemi, Hakaniemenkatu 9",http://www.vuokraovi.com//vuokra-asunto/helsinki/hakaniemi/kerrostalo/yksio/453360,60.17332440000001,24.9410248,SATO Vuokraus ja myynti / Helsinki,None,None
929600,"kerrostalo, 74 m2 | 3h+k",1310.0,"Helsinki, Lansi-Pasila, Maistraatinkatu 7",http://www.vuokraovi.com//vuokra-asunto/helsinki/lansi-pasila/kerrostalo/kolmio/929600,60.2000247,24.9218341,SATO Vuokraus ja myynti / Helsinki,None,None
451628,"kerrostalo, 142 m2 | 3h, k, kph, s, wc, p",4858.0,"Helsinki, Minna Canthin katu 24",http://www.vuokraovi.com//vuokra-asunto/helsinki/kerrostalo/kolmio/451628,60.18785010000001,24.9152498,Majoituspalvelu Forenom Oy,None,None
351190,"kerrostalo, 49 m2 | 2h+k",1173.0,"Helsinki, Etela-Haaga, Vanha viertotie 6",http://www.vuokraovi.com//vuokra-asunto/helsinki/etela-haaga/kerrostalo/kaksio/351190,60.20978359999999,24.8873299,SATO Vuokraus ja myynti / Helsinki,None,None
451116,"kerrostalo, 79, 5 m2 | 3h+k",1461.0,"Helsinki, Ruoholahti, Selkamerenkatu 18",http://www.vuokraovi.com//vuokra-asunto/helsinki/ruoholahti/kerrostalo/kolmio/451116,60.16034250000001,24.9171392,SATO Vuokraus ja myynti / Helsinki,None,None
949452,"kerrostalo, 59 m2 | 2H+K",933.0,"Helsinki, Pitajanmaki, HENRIKINTIE 5 F",http://www.vuokraovi.com//vuokra-asunto/helsinki/pitajanmaki/kerrostalo/kaksio/949452,60.2253418,24.8486431,Agency info missing,None,None
450149,"paritalo, 320 m2 | 7 H+K+S+2KPH+3WC+KHH+P",3700.0,"Helsinki, Marjaniemi, Marjaniemenranta 38",http://www.vuokraovi.com//vuokra-asunto/helsinki/marjaniemi/paritalo/5h+/450149,60.20054589999999,25.0830813,Smartmove Oy,None,None
450064,"kerrostalo, 59 m2 | 2h+k",906.0,"Espoo, Soukka, Soukankaari 13",http://www.vuokraovi.com//vuokra-asunto/espoo/soukka/kerrostalo/kaksio/450064,60.1408016,24.6673884,Agency info missing,None,None
448151,"kerrostalo, 54 m2 | 2H+KK",880.0,"Espoo, Suurpelto, Klariksentie 2 C",http://www.vuokraovi.com//vuokra-asunto/espoo/suurpelto/kerrostalo/kaksio/448151,60.1841556,24.7407589,VVO-kotikeskus PKS,None,None
436256,"kerrostalo, 66, 5 m2 | 3H+K+S",1143.0,"Espoo, Suurpelto, Piilipuuntie 7",http://www.vuokraovi.com//vuokra-asunto/espoo/suurpelto/kerrostalo/kolmio/436256,60.1856636,24.7400125,VVO-kotikeskus PKS,None,None
900923,"kerrostalo, 41 m2 | 2h, ak, kph, wc, p",1943.0,"Espoo, Olari, Piispanpiha 4",http://www.vuokraovi.com//vuokra-asunto/espoo/olari/kerrostalo/kaksio/900923,60.1644818,24.7341293,Majoituspalvelu Forenom Oy,None,None
439438,"kerrostalo, 61 m2 | 2h + k + parveke",1062.37,"Espoo, Suurpelto, Piilipuuntie 1 B",http://www.vuokraovi.com//vuokra-asunto/espoo/suurpelto/kerrostalo/kaksio/439438,60.1850196,24.7397957,Asuntosaatio,None,None
421862,"kerrostalo, 25 m2 | 1h+kk",880.0,"Helsinki, Etela-Haaga, Vanha viertotie 8",http://www.vuokraovi.com//vuokra-asunto/helsinki/etela-haaga/kerrostalo/yksio/421862,60.2100407,24.8869756,SATO Vuokraus ja myynti / Helsinki,None,None
438919,"kerrostalo, 55, 5 m2 | 2h+k+s",1183.0,"Espoo, Vallikallio, Porarinkatu 2",http://www.vuokraovi.com//vuokra-asunto/espoo/vallikallio/kerrostalo/kaksio/438919,60.22495259999999,24.8210892,SATO Vuokraus ja myynti / Helsinki,None,None
438936,"kerrostalo, 76 m2 | 4h+k",1225.0,"Helsinki, Kontula, Kaarenjalka 5",http://www.vuokraovi.com//vuokra-asunto/helsinki/kontula/kerrostalo/4h/438936,60.2374544,25.0751671,SATO Vuokraus ja myynti / Helsinki,None,None
367973,"kerrostalo, 51 m2 | 2h+kk+s",934.0,"Espoo, Soukka, Soukankaari 12",http://www.vuokraovi.com//vuokra-asunto/espoo/soukka/kerrostalo/kaksio/367973,60.140051,24.6680776,Agency info missing,None,None
417144,"kerrostalo, 48 m2 | 2H+KK+S+piha",1048.0,"Helsinki, Aurinkolahti, Kauniinilmankuja 5 C",http://www.vuokraovi.com//vuokra-asunto/helsinki/aurinkolahti/kerrostalo/kaksio/417144,60.20824440000001,25.1601591,Newsec Asset Management  Oy,None,None
436728,"kerrostalo, 40 m2 | 2h+kk+s",955.0,"Espoo, Leppavaara, Rummunlyojankatu 11 D-E",http://www.vuokraovi.com//vuokra-asunto/espoo/leppavaara/kerrostalo/kaksio/436728,60.21903039999999,24.8052443,SATO Vuokraus ja myynti / Helsinki,None,None
433946,"kerrostalo, 40, 5 m2 | 1h+k",909.0,"Espoo, Niittymaa, Malmiportti 4",http://www.vuokraovi.com//vuokra-asunto/espoo/niittymaa/kerrostalo/yksio/433946,60.2054911,24.6559001,SATO Vuokraus ja myynti / Helsinki,None,None
433491,"kerrostalo, 60 m2 | 2h+k+s",945.0,"Espoo, Soukka, Soukankuja 4",http://www.vuokraovi.com//vuokra-asunto/espoo/soukka/kerrostalo/kaksio/433491,60.1386522,24.673169,SATO Vuokraus ja myynti / Helsinki,None,None
433298,"kerrostalo, 54 m2 | KALUSTETTU KAKSIO",368.0,"Espoo, Viherlaakso, Lukionahde 5",http://www.vuokraovi.com//vuokra-asunto/espoo/viherlaakso/kerrostalo/kaksio/433298,60.2289738,24.7364419,Majoituspalvelu Forenom Oy,None,None
398243,"kerrostalo, 55, 5 m2 | 2h+k+s",1080.0,"Helsinki, Vuosaari, Pohjavedenkatu 6",http://www.vuokraovi.com//vuokra-asunto/helsinki/vuosaari/kerrostalo/kaksio/398243,60.20572109999999,25.1378886,SATO Vuokraus ja myynti / Helsinki,None,None
433132,"kerrostalo, 35, 5 m2 | 1h+kk",874.0,"Espoo, Leppavaara, Perkkaankuja 3",http://www.vuokraovi.com//vuokra-asunto/espoo/leppavaara/kerrostalo/yksio/433132,60.2166728,24.8235791,Agency info missing,None,None
433143,"kerrostalo, 24 m2 | 1h+kk",796.0,"Helsinki, Pohjois-Haaga, Ida Aalbergin tie 3 a",http://www.vuokraovi.com//vuokra-asunto/helsinki/pohjois-haaga/kerrostalo/yksio/433143,60.23016819999999,24.8995442,SATO Vuokraus ja myynti / Helsinki,None,None
432128,"kerrostalo, 24 m2 | 1h",1327.0,"Helsinki, Herttoniemi, Hitsaajankatu 12",http://www.vuokraovi.com//vuokra-asunto/helsinki/herttoniemi/kerrostalo/yksio/432128,60.19279969999999,25.0295647,Majoituspalvelu Forenom Oy,None,None
315703,"kerrostalo, 51, 5 m2 | 2h+kt+s",995.0,"Espoo, Perkkaa, Perkkaantie 3 A",http://www.vuokraovi.com//vuokra-asunto/espoo/perkkaa/kerrostalo/kaksio/315703,60.21709559999999,24.8214568,Agency info missing,None,None
430764,"kerrostalo, 40 m2 | Furnished 2 h + balcony",732.0,"Helsinki, Kluuvi, Mikonkatu 11",http://www.vuokraovi.com//vuokra-asunto/helsinki/kluuvi/kerrostalo/kaksio/430764,60.17022650000001,24.9455153,Majoituspalvelu Forenom Oy,None,None
430439,"kerrostalo, 60 m2 | 2h+k+s",1242.0,"Helsinki, Pikku Huopalahti, Taavetinaukio 3, Taavetinkuja 11",http://www.vuokraovi.com//vuokra-asunto/helsinki/pikku+huopalahti/kerrostalo/kaksio/430439,60.1998348,24.8956531,SATO Vuokraus ja myynti / Helsinki,None,None
428093,"kerrostalo, 37 m2 | 1h+k",925.0,"Helsinki, Etu-Toolo, Mechelininkatu 12-14",http://www.vuokraovi.com//vuokra-asunto/helsinki/etu-toolo/kerrostalo/yksio/428093,60.1720085,24.9198088,SATO Vuokraus ja myynti / Helsinki,None,None
427361,"kerrostalo, 55, 5 m2 | 2h+k+s",1472.0,"Helsinki, Viikinranta, Katariina Saksilaisen katu 10",http://www.vuokraovi.com//vuokra-asunto/helsinki/viikinranta/kerrostalo/kaksio/427361,60.21643330000001,24.9859841,SATO Vuokraus ja myynti / Helsinki,None,None
399530,"kerrostalo, 43 m2 | 2h+kk",905.0,"Helsinki, Vuosaari, Harustie 5",http://www.vuokraovi.com//vuokra-asunto/helsinki/vuosaari/kerrostalo/kaksio/399530,60.203548,25.1233607,SATO Vuokraus ja myynti / Helsinki,None,None
932585,"kerrostalo, 61, 5 m2 | 2h+k",1016.0,"Espoo, Olari, Kuunsirppi 6",http://www.vuokraovi.com//vuokra-asunto/espoo/olari/kerrostalo/kaksio/932585,60.1729043,24.7240647,SATO Vuokraus ja myynti / Helsinki,None,None
315723,"kerrostalo, 47, 5 m2 | 2h+kt",938.0,"Espoo, Perkkaa, Perkkaantie 3 A",http://www.vuokraovi.com//vuokra-asunto/espoo/perkkaa/kerrostalo/kaksio/315723,60.21709559999999,24.8214568,Newsec Asset Management  Oy,None,None
919054,"kerrostalo, 74, 5 m2 | 3h+k",1228.0,"Helsinki, Itakeskus, Kauppakartanonkatu 17",http://www.vuokraovi.com//vuokra-asunto/helsinki/itakeskus/kerrostalo/kolmio/919054,60.2067176,25.0775961,SATO Vuokraus ja myynti / Helsinki,None,None
317187,"kerrostalo, 24 m2 | 1h",2177.0,"Helsinki, Herttoniemi, Hitsaajankatu 12",http://www.vuokraovi.com//vuokra-asunto/helsinki/herttoniemi/kerrostalo/yksio/317187,60.19279969999999,25.0295647,Majoituspalvelu Forenom Oy,None,None
415497,"rivitalo, 74 m2 | 3h+k+s",1357.0,"Espoo, Lintuvaara, Lintukorvenkuja 1",http://www.vuokraovi.com//vuokra-asunto/espoo/lintuvaara/rivitalo/kolmio/415497,60.2310777,24.8045724,SATO Vuokraus ja myynti / Helsinki,None,None
415257,"kerrostalo, 50 m2 | 2h+k",1175.0,"Helsinki, Katajanokka, Amiraalinkatu 2",http://www.vuokraovi.com//vuokra-asunto/helsinki/katajanokka/kerrostalo/kaksio/415257,60.1661776,24.9737848,SATO Vuokraus ja myynti / Helsinki,None,None
414943,"kerrostalo, 79 m2 | 3h+k",1190.0,"Espoo, Laajalahti, Heinjoenpolku 2 K-O",http://www.vuokraovi.com//vuokra-asunto/espoo/laajalahti/kerrostalo/kolmio/414943,60.2035545,24.802476,SATO Vuokraus ja myynti / Helsinki,None,None
413748,"kerrostalo, 59, 5 m2 | 2h+k+s",1173.0,"Helsinki, Vuosaari, Leikosaarentie 28",http://www.vuokraovi.com//vuokra-asunto/helsinki/vuosaari/kerrostalo/kaksio/413748,60.2041403,25.1474271,SATO Vuokraus ja myynti / Helsinki,None,None
312579,"kerrostalo, 72, 5 m2 | 3h+k",1413.0,"Helsinki, Etela-Haaga, Vanha viertotie 16",http://www.vuokraovi.com//vuokra-asunto/helsinki/etela-haaga/kerrostalo/kolmio/312579,60.2103013,24.8841725,SATO Vuokraus ja myynti / Helsinki,None,None
958765,"kerrostalo, 73 m2 | 3h+k+s",1462.0,"Espoo, Leppavaara, Rummunlyojankatu 11 D-E",http://www.vuokraovi.com//vuokra-asunto/espoo/leppavaara/kerrostalo/kolmio/958765,60.21903039999999,24.8052443,SATO Vuokraus ja myynti / Helsinki,None,None
411513,"kerrostalo, 45, 5 m2 | 2h+kk",1060.0,"Helsinki, Maunula, Suopellonkaari 61",http://www.vuokraovi.com//vuokra-asunto/helsinki/maunula/kerrostalo/kaksio/411513,60.17332440000001,24.9410248,SATO Vuokraus ja myynti / Helsinki,None,None
969082,"kerrostalo, 61, 5 m2 | 2h+k",1016.0,"Espoo, Olari, Kuunsirppi 6",http://www.vuokraovi.com//vuokra-asunto/espoo/olari/kerrostalo/kaksio/969082,60.1729043,24.7240647,SATO Vuokraus ja myynti / Helsinki,None,None
969032,"kerrostalo, 59 m2 | 2h+k",926.0,"Espoo, Kauklahti, Hansatie 4",http://www.vuokraovi.com//vuokra-asunto/espoo/kauklahti/kerrostalo/kaksio/969032,60.1863493,24.589778,SATO Vuokraus ja myynti / Helsinki,None,None
409739,"kerrostalo, 61 m2 | 2h + k + parveke",1053.83,"Espoo, Suurpelto, Piilipuuntie 1 B 27",http://www.vuokraovi.com//vuokra-asunto/espoo/suurpelto/kerrostalo/kaksio/409739,60.1850196,24.7397957,Asuntosaatio,None,None
927293,"kerrostalo, 35 m2 | 2h+kk",998.0,"Helsinki, Munkkiniemi, Laajalahdentie 26",http://www.vuokraovi.com//vuokra-asunto/helsinki/munkkiniemi/kerrostalo/kaksio/927293,60.19953289999999,24.8769998,SATO Vuokraus ja myynti / Helsinki,None,None
345247,"kerrostalo, 51 m2 | 2H+KK+S",848.0,"Espoo, Tiistila, KALAONNENTIE 3 C",http://www.vuokraovi.com//vuokra-asunto/espoo/tiistila/kerrostalo/kaksio/345247,60.1567483,24.7286716,Newsec Asset Management  Oy,None,None
405225,"kerrostalo, 37, 5 m2 | 1h+kk",943.0,"Helsinki, Pikku Huopalahti, Tilkankatu 6",http://www.vuokraovi.com//vuokra-asunto/helsinki/pikku+huopalahti/kerrostalo/yksio/405225,60.2030751,24.8942589,SATO Vuokraus ja myynti / Helsinki,None,None
350245,"kerrostalo, 32 m2 | 1h+kk",797.0,"Espoo, Tapiola, Elosalamantie 2",http://www.vuokraovi.com//vuokra-asunto/espoo/tapiola/kerrostalo/yksio/350245,60.17195959999999,24.8079867,SATO Vuokraus ja myynti / Helsinki,None,None
404873,"kerrostalo, 52, 5 m2 | 2h+kk",849.0,"Espoo, Kauklahti, Hansatie 4",http://www.vuokraovi.com//vuokra-asunto/espoo/kauklahti/kerrostalo/kaksio/404873,60.1863493,24.589778,SATO Vuokraus ja myynti / Helsinki,None,None
999125,"kerrostalo, 52 m2 | 2H+K+S",857.0,"Espoo, Kilo, PUISTOPIHA 2",http://www.vuokraovi.com//vuokra-asunto/espoo/kilo/kerrostalo/kaksio/999125,60.21637629999999,24.7889106,Newsec Asset Management  Oy,None,None
924307,"kerrostalo, 59, 5 m2 | 2h+k+s",1146.0,"Espoo, Leppavaara, Bertel Jungin aukio 4",http://www.vuokraovi.com//vuokra-asunto/espoo/leppavaara/kerrostalo/kaksio/924307,60.21681449999999,24.8142201,SATO Vuokraus ja myynti / Helsinki,None,None
311000,"kerrostalo, 36, 5 m2 | 1h+kk+s",1095.0,"Helsinki, Lauttasaari, Vattuniemenkatu 25 E-F",http://www.vuokraovi.com//vuokra-asunto/helsinki/lauttasaari/kerrostalo/yksio/311000,60.1540858,24.8849321,SATO Vuokraus ja myynti / Helsinki,None,None
354845,"kerrostalo, 27 m2 | 1h+kk",1113.0,"Helsinki, Kaartinkaupunki, Kasarmikatu 10",http://www.vuokraovi.com//vuokra-asunto/helsinki/kaartinkaupunki/kerrostalo/yksio/354845,60.1609342,24.9482256,SATO Vuokraus ja myynti / Helsinki,None,None
914977,"kerrostalo, 50 m2 | 2h+kk",1098.0,"Helsinki, Pikku Huopalahti, Korppaanmaentie 17",http://www.vuokraovi.com//vuokra-asunto/helsinki/pikku+huopalahti/kerrostalo/kaksio/914977,60.2055586,24.8923587,SATO Vuokraus ja myynti / Helsinki,None,None
314914,"kerrostalo, 59 m2 | 2h+k",1019.0,"Helsinki, Malminkartano, Pihkatie 5",http://www.vuokraovi.com//vuokra-asunto/helsinki/malminkartano/kerrostalo/kaksio/314914,60.251974,24.855313,SATO Vuokraus ja myynti / Helsinki,None,None
365816,"kerrostalo, 56 m2 | 2h+k",1024.0,"Helsinki, Puotila, Klaavuntie 8-10",http://www.vuokraovi.com//vuokra-asunto/helsinki/puotila/kerrostalo/kaksio/365816,60.2105523,25.0976229,SATO Vuokraus ja myynti / Helsinki,None,None
978373,"kerrostalo, 82 m2 | 4h+k",1795.0,"Helsinki, Etela-Haaga, Vanha viertotie 8",http://www.vuokraovi.com//vuokra-asunto/helsinki/etela-haaga/kerrostalo/4h/978373,60.2100407,24.8869756,SATO Vuokraus ja myynti / Helsinki,None,None
956977,"kerrostalo, 62 m2 | 2h+k+s",1272.0,"Espoo, Leppavaara, Rummunlyojankatu 11 D-E",http://www.vuokraovi.com//vuokra-asunto/espoo/leppavaara/kerrostalo/kaksio/956977,60.21903039999999,24.8052443,SATO Vuokraus ja myynti / Helsinki,None,None
997501,"kerrostalo, 61 m2 | 2h+k",1156.0,"Helsinki, Ita-Pasila, Jarrumiehenkatu 2",http://www.vuokraovi.com//vuokra-asunto/helsinki/ita-pasila/kerrostalo/kaksio/997501,60.2011878,24.9405208,SATO Vuokraus ja myynti / Helsinki,None,None
947524,"kerrostalo, 51 m2 | 2h+kk+s",1045.0,"Helsinki, Verajalaakso, Otto Brandtin polku 4",http://www.vuokraovi.com//vuokra-asunto/helsinki/verajalaakso/kerrostalo/kaksio/947524,60.2331372,24.9804066,SATO Vuokraus ja myynti / Helsinki,None,None
943764,"kerrostalo, 36 m2 | 1h+kk",896.0,"Espoo, Tapiola, Elosalamantie 2",http://www.vuokraovi.com//vuokra-asunto/espoo/tapiola/kerrostalo/yksio/943764,60.17195959999999,24.8079867,SATO Vuokraus ja myynti / Helsinki,None,None
931592,"kerrostalo, 43 m2 | 2h+kk+s",899.0,"Espoo, Vallikallio, Porarinkatu 5",http://www.vuokraovi.com//vuokra-asunto/espoo/vallikallio/kerrostalo/kaksio/931592,60.22511559999999,24.8190075,SATO Vuokraus ja myynti / Helsinki,None,None
332288,"kerrostalo, 68 m2 | 3h+k",1037.0,"Helsinki, Suurmetsa, Kalteentie 2",http://www.vuokraovi.com//vuokra-asunto/helsinki/suurmetsa/kerrostalo/kolmio/332288,60.26442909999999,25.0848902,SATO Vuokraus ja myynti / Helsinki,None,None
923186,"kerrostalo, 58, 5 m2 | 2h+k",935.0,"Espoo, Olari, Kuutamokatu 5",http://www.vuokraovi.com//vuokra-asunto/espoo/olari/kerrostalo/kaksio/923186,60.1759151,24.7263596,SATO Vuokraus ja myynti / Helsinki,None,None
969081,"kerrostalo, 62, 5 m2 | 2h+k+s",987.0,"Espoo, Soukka, Soukankuja 4",http://www.vuokraovi.com//vuokra-asunto/espoo/soukka/kerrostalo/kaksio/969081,60.1386522,24.673169,Agency info missing,None,None
372828,"kerrostalo, 46, 5 m2 | 1h+kk",1286.0,"Helsinki, Taka-Toolo, Valskarinkatu 4",http://www.vuokraovi.com//vuokra-asunto/helsinki/taka-toolo/kerrostalo/yksio/372828,60.17781919999999,24.9208993,SATO Vuokraus ja myynti / Helsinki,None,None
912709,"kerrostalo, 56, 5 m2 | 2h+k+s",1190.0,"Helsinki, Aurinkolahti, Aurinkotuulenkatu 6, Hellekuja 1",http://www.vuokraovi.com//vuokra-asunto/helsinki/aurinkolahti/kerrostalo/kaksio/912709,60.2068759,25.1582372,SATO Vuokraus ja myynti / Helsinki,None,None
910445,"kerrostalo, 52 m2 | 2h+kk",889.0,"Espoo, Soukka, Soukankuja 4",http://www.vuokraovi.com//vuokra-asunto/espoo/soukka/kerrostalo/kaksio/910445,60.1386522,24.673169,SATO Vuokraus ja myynti / Helsinki,None,None
367835,"kerrostalo, 78, 5 m2 | 3h+k+s",1499.0,"Espoo, Leppavaara, Rummunlyojankatu 11 D-E",http://www.vuokraovi.com//vuokra-asunto/espoo/leppavaara/kerrostalo/kolmio/367835,60.21903039999999,24.8052443,SATO Vuokraus ja myynti / Helsinki,None,None
992174,"kerrostalo, 76 m2 | 3h+k+s",1220.0,"Espoo, Leppavaara, Perkkaankuja 3",http://www.vuokraovi.com//vuokra-asunto/espoo/leppavaara/kerrostalo/kolmio/992174,60.2166728,24.8235791,SATO Vuokraus ja myynti / Helsinki,None,None
338167,"kerrostalo, 52 m2 | 2h+kk",1495.0,"Helsinki, Etu-Toolo, Pohjoinen Rautatiekatu 31",http://www.vuokraovi.com//vuokra-asunto/helsinki/etu-toolo/kerrostalo/kaksio/338167,60.1686542,24.9238288,SATO Vuokraus ja myynti / Helsinki,None,None
329572,"kerrostalo, 45, 7 m2 | 1h+kk",930.0,"Helsinki, Vallila, Sturenkatu 47",http://www.vuokraovi.com//vuokra-asunto/helsinki/vallila/kerrostalo/yksio/329572,60.1963214,24.9609605,SATO Vuokraus ja myynti / Helsinki,None,None
328399,"kerrostalo, 54, 5 m2 | 2h+k",1171.0,"Espoo, Leppavaara, Zanseninkuja 6",http://www.vuokraovi.com//vuokra-asunto/espoo/leppavaara/kerrostalo/kaksio/328399,60.216415,24.8096541,SATO Vuokraus ja myynti / Helsinki,None,None
315792,"kerrostalo, 67, 5 m2 | 3h+kt+s",1087.0,"Espoo, Perkkaa, Perkkaantie 3 C",http://www.vuokraovi.com//vuokra-asunto/espoo/perkkaa/kerrostalo/kolmio/315792,60.21709559999999,24.8214568,Newsec Asset Management  Oy,None,None
314517,"kerrostalo, 47, 5 m2 | 2h+kk",1395.0,"Helsinki, Kamppi, Kalevankatu 53",http://www.vuokraovi.com//vuokra-asunto/helsinki/kamppi/kerrostalo/kaksio/314517,60.1638077,24.9276079,SATO Vuokraus ja myynti / Helsinki,None,None
306505,"kerrostalo, 65, 4 m2 | 3h+k",1164.0,"Helsinki, Vartiokyla, Arhotie 22",http://www.vuokraovi.com//vuokra-asunto/helsinki/vartiokyla/kerrostalo/kolmio/306505,60.2183808,25.0861664,SATO Vuokraus ja myynti / Helsinki,None,None
306148,"kerrostalo, 51 m2 | 2h+kk",925.0,"Helsinki, Pitajanmaki, Rikhard Nymanin tie 3",http://www.vuokraovi.com//vuokra-asunto/helsinki/pitajanmaki/kerrostalo/kaksio/306148,60.22881489999999,24.8434498,SATO Vuokraus ja myynti / Helsinki,None,None
303706,"kerrostalo, 72, 5 m2 | 3h+k+s",1466.0,"Espoo, Vallikallio, Porarinkatu 2",http://www.vuokraovi.com//vuokra-asunto/espoo/vallikallio/kerrostalo/kolmio/303706,60.22495259999999,24.8210892,SATO Vuokraus ja myynti / Helsinki,None,None
992035,"kerrostalo, 74 m2 | 3H+K+S",990.0,"Espoo, Jouppi, Joupinmaenkulma 3",http://www.vuokraovi.com//vuokra-asunto/espoo/jouppi/kerrostalo/kolmio/992035,60.2054911,24.6559001,Asokodit,None,None
982478,"kerrostalo, 50 m2 | 2h+k",1295.0,"Helsinki, Taka-Toolo, Stenbackinkatu 5",http://www.vuokraovi.com//vuokra-asunto/helsinki/taka-toolo/kerrostalo/kaksio/982478,60.1893932,24.9150765,SATO Vuokraus ja myynti / Helsinki,None,None
976127,"kerrostalo, 24 m2 | 1h+kk",789.0,"Helsinki, Pohjois-Haaga, Ida Aalbergin tie 3 a",http://www.vuokraovi.com//vuokra-asunto/helsinki/pohjois-haaga/kerrostalo/yksio/976127,60.23016819999999,24.8995442,SATO Vuokraus ja myynti / Helsinki,None,None
975096,"kerrostalo, 51 m2 | 2h+k+s",1103.0,"Espoo, Niittymaa, Malmiportti 4",http://www.vuokraovi.com//vuokra-asunto/espoo/niittymaa/kerrostalo/kaksio/975096,60.2054911,24.6559001,SATO Vuokraus ja myynti / Helsinki,None,None
966792,"kerrostalo, 87, 5 m2 | 4h+k+s",1170.0,"Espoo, Lintuvaara, Kyyhkysmaki 9 C",http://www.vuokraovi.com//vuokra-asunto/espoo/lintuvaara/kerrostalo/4h/966792,60.2285814,24.8089188,Newsec Asset Management  Oy,None,None
980438,"kerrostalo, 65 m2 | 3H+K+S",1179.0,"Espoo, Matinkyla, NELIKKOKUJA 5 A",http://www.vuokraovi.com//vuokra-asunto/espoo/matinkyla/kerrostalo/kolmio/980438,60.16126420000001,24.7424228,Newsec Asset Management  Oy,None,None
962181,"kerrostalo, 56 m2 | 2h+k+s",1085.0,"Helsinki, Pitajanmaki, Takomotie 21",http://www.vuokraovi.com//vuokra-asunto/helsinki/pitajanmaki/kerrostalo/kaksio/962181,60.21836680000001,24.8733615,SATO Vuokraus ja myynti / Helsinki,None,None
960754,"kerrostalo, 58, 6 m2 | 2h+k",1129.0,"Helsinki, Vartiokyla, Arhotie 22",http://www.vuokraovi.com//vuokra-asunto/helsinki/vartiokyla/kerrostalo/kaksio/960754,60.2183808,25.0861664,SATO Vuokraus ja myynti / Helsinki,None,None
957762,"kerrostalo, 44, 5 m2 | 2h+k+s",794.0,"Espoo, Lintuvaara, Kyyhkysmaki 9 B",http://www.vuokraovi.com//vuokra-asunto/espoo/lintuvaara/kerrostalo/kaksio/957762,60.2285814,24.8089188,Newsec Asset Management  Oy,None,None
371305,"kerrostalo, 58, 5 m2 | 2H+K",883.0,"Espoo, Kilo, PUISTOPIHA 2",http://www.vuokraovi.com//vuokra-asunto/espoo/kilo/kerrostalo/kaksio/371305,60.21637629999999,24.7889106,Newsec Asset Management  Oy,None,None
370759,"kerrostalo, 76 m2 | 3h+k+s",1092.0,"Espoo, Lintuvaara, Kyyhkysmaki 9 B",http://www.vuokraovi.com//vuokra-asunto/espoo/lintuvaara/kerrostalo/kolmio/370759,60.2285814,24.8089188,Newsec Asset Management  Oy,None,None
343487,"kerrostalo, 77 m2 | 3h, k, kph, wc, p",1819.0,"Espoo, Soukka, Kaskilaaksontie 3",http://www.vuokraovi.com//vuokra-asunto/espoo/soukka/kerrostalo/kolmio/343487,60.1401262,24.6639853,Majoituspalvelu Forenom Oy,None,None
305852,"kerrostalo, 67, 5 m2 | 3h+kk+s",1124.0,"Espoo, Tuomarila, Ratavallintie 8 B",http://www.vuokraovi.com//vuokra-asunto/espoo/tuomarila/kerrostalo/kolmio/305852,60.2077609,24.6777738,Newsec Asset Management  Oy,None,None
